8.000000000000000000e+08 4.875041137939624680e-01 1.473219994667259933e-02 -1.657350051825689230e-01 2.037245122402380273e-02 2.109829860563279882e-02 1.992579588345116601e-02
8.010034843205574751e+08 4.920455039177190071e-01 1.707002820181026045e-02 -1.668726040555369716e-01 1.961660844614379270e-02 2.093947862741538796e-02 2.086856248360381347e-02
8.020069686411149502e+08 4.997458719574642272e-01 -4.260557878565073876e-03 -1.857446777114332981e-01 1.902132111718172341e-02 1.800618675211436079e-02 1.842721977270208103e-02
8.030104529616724253e+08 5.145695612035314781e-01 -1.890530969339648121e-02 -1.673241969241172356e-01 1.922001169120539713e-02 2.025404593886961924e-02 1.878886391766541181e-02
8.040139372822300196e+08 5.103985441039975424e-01 -3.726024365561645540e-02 -1.662477639875770408e-01 1.894292236012441732e-02 2.097744729964749061e-02 1.979771188777651111e-02
8.050174216027874947e+08 4.948048521092103802e-01 -4.736031405720676074e-02 -1.471084880850544174e-01 2.018193209950658318e-02 2.137312141605031759e-02 1.969886136024845066e-02
8.060209059233449697e+08 5.127185662782419717e-01 -8.664026589953630064e-02 -1.952805557819487503e-01 2.033218817611844725e-02 1.900983618458339242e-02 1.946833776552977721e-02
8.070243902439024448e+08 4.460245472898914931e-01 -8.449672392947638055e-02 -1.765937275012064156e-01 2.019864505643204425e-02 2.046022102391036046e-02 2.044541246270981105e-02
8.080278745644599199e+08 4.811806257653958863e-01 -1.013795287028772946e-01 -1.308362689903081466e-01 2.103652339550370065e-02 1.999531680859370497e-02 2.083457456488083809e-02
8.090313588850173950e+08 4.775031215513980687e-01 -7.541928478700282712e-02 -1.584282032242503024e-01 1.974220580248321408e-02 2.145991948874674884e-02 2.009106652083587213e-02
8.100348432055748701e+08 4.823140242994788385e-01 -7.816975197680936516e-02 -1.807074537181609653e-01 2.137536567559568043e-02 2.059063650983039215e-02 1.971460753262237187e-02
8.110383275261323452e+08 4.915837470289656785e-01 -1.459745770103601514e-01 -1.129143818703213648e-01 1.815298093179154929e-02 1.967637273042497845e-02 1.919041297497740134e-02
8.120418118466899395e+08 5.063036198887771455e-01 -9.158305204005787181e-02 -1.328384479839850307e-01 2.136976580055954117e-02 2.122290995927214596e-02 2.077210079349885510e-02
8.130452961672474146e+08 4.704686809813869997e-01 -1.302553468917591606e-01 -1.199759228540215050e-01 2.035618661681979844e-02 1.899828156762181294e-02 1.912146172005433839e-02
8.140487804878048897e+08 5.082989001373753313e-01 -1.141769767951375664e-01 -1.280657325001166857e-01 1.866179253382874853e-02 1.885655852445504432e-02 2.116736268227203954e-02
8.150522648083623648e+08 5.109632046489320789e-01 -1.104158456455015258e-01 -1.401445036441559822e-01 2.060276439264237605e-02 2.026068194710820003e-02 2.001180156819362677e-02
8.160557491289198399e+08 4.702218198433437135e-01 -1.140251970985331348e-01 -7.747066333476154698e-02 2.013496341313571192e-02 2.024183799121114652e-02 1.977334841313834954e-02
8.170592334494773149e+08 4.544691713505301101e-01 -1.351166023532956728e-01 -8.649578975901019151e-02 2.040101180668972558e-02 2.072782613725454928e-02 2.004133166786860668e-02
8.180627177700347900e+08 4.761588086153512034e-01 -1.131282344248521615e-01 -3.580931048768911523e-02 2.074041748998054976e-02 2.025629058545067029e-02 2.038433096246625165e-02
8.190662020905923843e+08 5.268417603067676591e-01 -1.388464210937746801e-01 -5.565554416070379873e-02 1.928479649210090505e-02 1.867415167587381172e-02 1.937839765829161773e-02
8.200696864111498594e+08 4.666888099794421207e-01 -1.121958100225502186e-01 -4.896345460801929117e-02 2.125616364319575513e-02 1.977631806976326567e-02 2.000569694260018877e-02
8.210731707317073345e+08 4.933649120050745407e-01 -1.102972773920087024e-01 -5.886826828122061761e-02 1.884582549836316331e-02 1.871800570103937869e-02 2.021619046191049443e-02
8.220766550522648096e+08 4.760368501429568244e-01 -1.311220491526612075e-01 -3.491417280116605043e-02 2.090632557507776310e-02 2.110416071220106229e-02 1.916664573358224655e-02
8.230801393728222847e+08 5.132698635344598026e-01 -1.374666738808167643e-01 -2.949740727639597188e-02 1.886397322491080442e-02 1.812268669965967638e-02 1.983577678442892400e-02
8.240836236933797598e+08 4.750995157912945022e-01 -1.788119110480300145e-01 -2.243074047457215697e-02 2.122037738880186430e-02 1.884777473384117302e-02 2.181716258642911466e-02
8.250871080139372349e+08 4.892355867194301822e-01 -1.180552574018210732e-01 1.415231058728700503e-02 1.960196703356681044e-02 2.084404381090745537e-02 2.186114416818737624e-02
8.260905923344948292e+08 5.057368357588366559e-01 -1.388290420188584562e-01 6.095903634586148992e-04 1.986840237202711426e-02 1.977573671651246603e-02 2.009240139035792932e-02
8.270940766550523043e+08 5.083471345080977644e-01 -1.342343691283948148e-01 5.717635184148876781e-02 2.053104843907105695e-02 1.882204600420935361e-02 1.985106596899308823e-02
8.280975609756097794e+08 4.770611563468924454e-01 -1.327599362472380307e-01 8.796984407871809991e-03 1.916036318809273553e-02 2.134248020895847253e-02 1.870195199491919008e-02
8.291010452961672544e+08 4.816292990459314916e-01 -1.098582863775286883e-01 3.967944656817601334e-02 1.801422824621968025e-02 2.099531187643875405e-02 2.027165584432994577e-02
8.301045296167247295e+08 5.227663249273426516e-01 -1.363678704991953539e-01 3.782164128579915130e-02 2.094527972780124009e-02 1.862996346235726991e-02 2.039069401753479741e-02
8.311080139372822046e+08 4.681700583767235413e-01 -1.117913678064951788e-01 3.087738382476581250e-02 1.963644404156749887e-02 1.909106212861402807e-02 2.032603846910659498e-02
8.321114982578396797e+08 4.832261218730438679e-01 -1.650310765404077729e-01 4.757848627448710982e-02 1.881531381825883240e-02 2.061943271353891549e-02 1.818823270892233959e-02
8.331149825783971548e+08 5.042498506170408623e-01 -1.120695586581578890e-01 5.538316503010656117e-02 2.198020930122809163e-02 2.016742280003414392e-02 2.101369215488489706e-02
8.341184668989547491e+08 4.775023166369803951e-01 -8.044744172446817443e-02 6.685128806313775374e-02 2.050226259719649738e-02 1.975436178018708661e-02 1.976497685942936108e-02
8.351219512195122242e+08 4.874605896167819585e-01 -8.720133477350539009e-02 3.124458367865424330e-02 1.957537561659222075e-02 1.933214160379841812e-02 2.138257954463265720e-02
8.361254355400696993e+08 4.920486889645199202e-01 -8.923484166213122015e-02 5.551126346644478377e-02 1.868607091029032830e-02 2.131800322919677124e-02 2.054023364328085369e-02
8.371289198606271744e+08 4.674715948910015406e-01 -7.759136020344969964e-02 4.905783454044354563e-02 1.937744109252664826e-02 1.815452625426432903e-02 1.984260665800229029e-02
8.381324041811846495e+08 4.697840723132576946e-01 -9.625341236203494022e-02 7.989286132745913871e-02 2.019069230552694716e-02 2.182058228568579256e-02 1.898616672959542798e-02
8.391358885017421246e+08 4.850134833572566362e-01 -6.735768334865346874e-02 1.073940314517730088e-01 2.028225210857993385e-02 1.961948089384729296e-02 2.049243171471962568e-02
8.401393728222995996e+08 4.749467380521463777e-01 -7.162111249866875973e-02 5.832627172478149769e-02 2.040047426541113582e-02 1.985392925732809913e-02 2.118949323035738963e-02
8.411428571428571939e+08 5.070967549592372281e-01 -6.546939581814686937e-02 8.612534837189313175e-02 2.009061932521642724e-02 1.989221120254805117e-02 1.998849097131196947e-02
8.421463414634146690e+08 4.731804155960951941e-01 -7.144848341105802803e-02 6.516297027216381987e-02 1.942575371342213086e-02 2.209874487807436325e-02 2.069754207687428751e-02
8.431498257839721441e+08 4.690512332823414399e-01 -1.747986503047131365e-02 8.312472775324764029e-02 1.914488997840564991e-02 1.857367950746092664e-02 1.901640722104875128e-02
8.441533101045296192e+08 4.860172086787839518e-01 -4.510624940486857026e-02 7.855324697962316749e-02 1.906219360150417444e-02 2.170239854442352484e-02 1.966709647908758754e-02
8.451567944250870943e+08 4.927198438965868510e-01 -1.521859189897933548e-02 6.601454237624278243e-02 2.086205624798448052e-02 2.113376651624887873e-02 2.078096998730252429e-02
8.461602787456445694e+08 4.686173262211569823e-01 -5.888936048949966473e-02 7.069534839084710975e-02 2.114850197495152240e-02 2.011944162339485490e-02 2.192165734296974353e-02
8.471637630662020445e+08 4.788486642159947571e-01 4.213149424769722234e-03 1.144454845562263984e-01 2.002754558476339819e-02 1.945151148071502453e-02 2.116569460702082475e-02
8.481672473867595196e+08 5.041874197431126525e-01 1.135190201396022586e-02 1.171322997496574841e-01 2.149252544750095487e-02 1.956572120788110589e-02 2.109533730071468452e-02
8.491707317073171139e+08 4.569264900895220194e-01 -6.028502469077326280e-03 6.475994176664873203e-02 1.917291766272022357e-02 1.913518317813822298e-02 1.957330642037587512e-02
8.501742160278745890e+08 4.910022117841205125e-01 3.441519520945855552e-03 1.105833327693033635e-01 2.186455448301947643e-02 1.917520363625725005e-02 1.951521853990397307e-02
8.511777003484320641e+08 4.827535393225910187e-01 2.055457760904430206e-02 4.787557529991694205e-02 1.994097834793953292e-02 1.872670155590504260e-02 2.090882817828432563e-02
8.521811846689895391e+08 4.790464793301297819e-01 1.147830208527207858e-02 1.076610494526939049e-01 1.961604466344533254e-02 1.911393598502311372e-02 2.037432632692269194e-02
8.531846689895470142e+08 4.763926110615299692e-01 1.714616825802539601e-02 6.907779928221137455e-02 1.984577005345781325e-02 2.202643390909557811e-02 2.075150480159684840e-02
8.541881533101044893e+08 4.744778248880368032e-01 5.275501291160637762e-02 1.084420672498567495e-01 2.086365272238859328e-02 1.995312971961595364e-02 2.107386450507415035e-02
8.551916376306619644e+08 4.727729852367092422e-01 5.496172483993286978e-03 3.116199767997899356e-02 2.062490343555750325e-02 1.951331044545972712e-02 1.756621741495352843e-02
8.561951219512195587e+08 4.611483472208549594e-01 2.880680231556007054e-02 6.466294055164231724e-02 2.056399094750014506e-02 2.040909402618052912e-02 2.152173472230716617e-02
8.571986062717770338e+08 4.814820967226883797e-01 6.015622840723890835e-02 5.709754562972796377e-02 1.841402317879182668e-02 1.973121109170496504e-02 2.109063463171961111e-02
8.582020905923345089e+08 4.677463419740360839e-01 3.154478633675474042e-02 5.256611576818911308e-02 1.883473169639654499e-02 1.985150081505792849e-02 1.977344914894943462e-02
8.592055749128919840e+08 4.563721164921680229e-01 1.309042269280076901e-02 6.701400809064271547e-02 2.102779732058437587e-02 2.010994367499729929e-02 1.922658012362129035e-02
8.602090592334494591e+08 4.839127124281706327e-01 5.546455737978520095e-02 5.792230448553371130e-02 1.952352729990075933e-02 2.058247858021336474e-02 2.016804678594576530e-02
8.612125435540069342e+08 4.778253152114583790e-01 1.091551457140467474e-03 2.087302146946695691e-02 2.010257780500642258e-02 2.053932126474982203e-02 2.008373454553939730e-02
8.622160278745644093e+08 4.669621824162223378e-01 5.325714545907006547e-02 6.616531958787112699e-02 2.012896299260320473e-02 2.042926143909808145e-02 2.107460653619968108e-02
8.632195121951220036e+08 4.562947455070732738e-01 6.401480363561973252e-02 1.936606925894828260e-02 2.008831149620345785e-02 1.968454729063391292e-02 1.910063106496530730e-02
8.642229965156794786e+08 4.694790409882719229e-01 9.152235169185872488e-02 1.322974802950221615e-02 2.068547257210252496e-02 2.009867773421117679e-02 1.923534818531684454e-02
8.652264808362369537e+08 4.673192442001372626e-01 6.263562352995537263e-02 2.324678238919631462e-02 2.077604426122881334e-02 1.895328649056854040e-02 1.941616044656024193e-02
8.662299651567944288e+08 5.043848983001066877e-01 6.589516650150331611e-02 2.649110087943487568e-02 2.009637921832276020e-02 1.890071927213001282e-02 2.007187695485338624e-02
8.672334494773519039e+08 4.339526298547146665e-01 9.339498483968833309e-02 2.151769702630203229e-02 2.093622716137774273e-02 1.904369529758303398e-02 2.059309949046530738e-02
8.682369337979093790e+08 4.814891852470267741e-01 4.961574823581235694e-02 2.350771019833291370e-02 2.034921434363430939e-02 2.080992081555058798e-02 2.090539492841415534e-02
8.692404181184668541e+08 4.299609689874318574e-01 9.311549362098521521e-02 3.629431463645192701e-02 2.063091505125516992e-02 2.001859154910122160e-02 1.996987720648030901e-02
8.702439024390244484e+08 4.867847752211579837e-01 5.390990969302721092e-02 2.403319704011123645e-02 2.151238348819761378e-02 2.009189634104910360e-02 2.042638138129318146e-02
8.712473867595819235e+08 4.812573153399367087e-01 4.529229114716663146e-02 -8.531208411014904597e-03 1.886670439847649636e-02 1.862045036512795237e-02 2.075300674109286855e-02
8.722508710801393986e+08 5.019358894049182895e-01 7.356434861625404942e-02 -2.884304952283249165e-02 1.902400919490344899e-02 2.000377336231444481e-02 1.968875937585187752e-02
8.732543554006968737e+08 4.705566972140806103e-01 7.024521330043013989e-02 -1.793680546987282479e-04 1.937756413567578995e-02 1.997598149437641163e-02 2.172189523834902949e-02
8.742578397212543488e+08 4.554218740916956554e-01 4.207990396126293914e-02 1.777060133862968030e-02 1.958557946854824761e-02 2.159800648326633613e-02 2.099043408458868554e-02
8.752613240418118238e+08 4.716889623502931728e-01 5.919807236517975191e-02 2.677036286000786247e-02 2.059606512471226503e-02 2.033851637049798738e-02 1.759164539273993730e-02
8.762648083623692989e+08 4.931036168665342556e-01 2.929145855786796648e-02 -3.426001209515711771e-02 2.097175245255400097e-02 1.843881300272506504e-02 1.996705499731568634e-02
8.772682926829268932e+08 4.584741243779476561e-01 2.212308964074351236e-02 2.711143731765765230e-03 2.197069034931929676e-02 1.827596511612504179e-02 1.989878217126853782e-02
8.782717770034843683e+08 4.276666241851325156e-01 6.823211378053212206e-02 -5.583633193250669979e-02 2.016519457164926699e-02 2.066665227703153376e-02 2.192195561130572470e-02
8.792752613240418434e+08 4.349251688188657261e-01 1.574293578733220247e-02 -4.033538783849738296e-03 2.068855262813003651e-02 2.188909859404391048e-02 1.837211969211691165e-02
8.802787456445993185e+08 4.780017406331628638e-01 2.958376148097319885e-02 -1.850104089364822124e-02 2.052644344573869434e-02 2.157497792618813873e-02 1.931729225471564074e-02
8.812822299651567936e+08 4.507995277130161793e-01 2.720331135303103928e-02 -4.767673438404561315e-02 1.980762813286545895e-02 1.939163132580222493e-02 2.097572105249474392e-02
8.822857142857142687e+08 4.817486120004100814e-01 2.658523212785873086e-02 -7.594279145780730156e-04 1.904906279560157623e-02 2.086268703356519011e-02 1.961149785421239383e-02
8.832891986062717438e+08 4.517816729209455651e-01 4.704849393684986530e-02 -2.946994536641792464e-02 2.132605658980535335e-02 1.841480615652280398e-02 1.955839719668762966e-02
8.842926829268292189e+08 4.395073143167042562e-01 1.749262930842555158e-02 -4.901709561834667606e-02 1.983038848625689674e-02 2.045046369524412128e-02 2.047117379479218222e-02
8.852961672473866940e+08 4.780334043325464854e-01 2.135918454941159242e-02 -1.717991663251035653e-02 2.111752664647732064e-02 2.012172976525253634e-02 2.059660166529976577e-02
8.862996515679442883e+08 4.586088346901197044e-01 -8.392122945045484700e-03 -5.630637465128581626e-02 1.874771406826404932e-02 1.989242609157888114e-02 1.986583368508305220e-02
8.873031358885017633e+08 4.619348077323684465e-01 2.261013595004156274e-02 -5.206290350136161954e-02 2.136063198922376338e-02 1.920171909369362828e-02 2.067364404391347846e-02
8.883066202090592384e+08 4.684305481325488074e-01 -2.907881910589805996e-03 -7.853702817563719407e-02 2.079697499115016474e-02 1.933401082326867415e-02 2.018695049684158388e-02
8.893101045296167135e+08 4.559810163208298239e-01 2.290958354445343445e-02 -6.020610406353974625e-02 2.195082149309268357e-02 1.768041930644236384e-02 1.886784005350979412e-02
8.903135888501741886e+08 4.518249099531913560e-01 1.050314091529151901e-02 -7.040175487689261102e-02 1.926338226644454601e-02 1.958661381152744171e-02 2.035568877847448999e-02
8.913170731707316637e+08 4.948032405204446649e-01 -3.103605699071071422e-02 -4.916783532798184309e-02 2.010706457278579884e-02 1.802497557507946879e-02 2.006033819176364016e-02
8.923205574912891388e+08 4.809420181172553987e-01 2.025968751503305632e-02 -5.128547988241494160e-02 2.140846784046164172e-02 1.873815741810909777e-02 1.971865735953828511e-02
8.933240418118467331e+08 4.838062379783339417e-01 -4.641946926158644487e-02 -5.028636528854572851e-02 1.868234198528662127e-02 1.980723296570816722e-02 1.974455897613836344e-02
8.943275261324042082e+08 4.498448100839795294e-01 -9.101684356160400294e-03 -5.305559278189860006e-02 1.943376935050631499e-02 2.053881108973303060e-02 2.041537213126742509e-02
8.953310104529616833e+08 4.305491174475067351e-01 -5.548529080576063144e-05 -2.048165351639468987e-02 2.012726634640351828e-02 1.894702898477131428e-02 1.920432913676061587e-02
8.963344947735191584e+08 4.638706692906272022e-01 8.652789518535472513e-03 -5.912957252939299302e-02 1.999045579163983080e-02 2.099867798758634635e-02 1.833919611037076319e-02
8.973379790940766335e+08 4.314065917822871299e-01 -1.620494689683353237e-02 -4.989842134489407693e-02 2.059046808173510892e-02 1.905104695818052307e-02 2.056131543854360783e-02
8.983414634146341085e+08 4.710473972877856075e-01 -5.124679526174462374e-02 -6.233747430992532534e-02 1.886207445598731339e-02 1.979157402539969551e-02 2.016544862263930718e-02
8.993449477351915836e+08 4.412988535681557911e-01 -4.685907497967163604e-03 -3.489001266656011069e-02 1.891601142402414559e-02 2.079810005006185042e-02 2.003341917612943765e-02
9.003484320557491779e+08 4.595173746196238862e-01 -2.750365362075647691e-02 -5.708759540628827178e-02 1.940995987085002497e-02 1.963613002257272311e-02 2.026277074521770291e-02
9.013519163763066530e+08 4.691565500410204148e-01 -3.771238536743515279e-02 -6.929634661591516087e-02 1.991034222830632971e-02 1.958885081757518257e-02 1.988648456018064087e-02
9.023554006968641281e+08 4.547342477486233658e-01 -2.260212236681707551e-02 -5.985802595320457997e-02 2.014689247057760077e-02 1.853864582924690668e-02 2.051411166701668995e-02
9.033588850174216032e+08 4.433840882311079756e-01 -3.450517797432969824e-02 -2.719350947756235537e-02 1.885667859858082898e-02 2.084500029516793765e-02 1.980343708937988556e-02
9.043623693379790783e+08 4.579077439481001877e-01 -1.676702541991804268e-02 -2.280571376132849160e-02 2.037730264968652671e-02 2.029934410286913724e-02 1.904151863818083837e-02
9.053658536585365534e+08 4.530184310732991992e-01 -5.057800865073488333e-02 -3.273690024504558732e-02 2.001576747000423026e-02 2.104203429569886930e-02 2.001982290222037095e-02
9.063693379790940285e+08 4.837988297545338656e-01 -7.703013757470013323e-02 -1.858870638693910574e-02 1.926614863244879156e-02 2.111987969170022600e-02 2.067216546691106466e-02
9.073728222996516228e+08 4.480057408656815676e-01 -5.821745237780984183e-02 -4.831515453117507519e-02 1.999929386503943723e-02 2.092378174414121980e-02 2.067398901464252356e-02
9.083763066202090979e+08 4.593484934916619578e-01 -4.492223973384162905e-02 -4.749622495974555048e-03 2.000844297241444192e-02 1.893140338492791883e-02 2.234436649328557650e-02
9.093797909407665730e+08 4.307224871403126931e-01 -4.446117483799025966e-02 -1.768450468913143961e-02 1.935323286599466286e-02 2.083870317735994279e-02 1.999769527622744653e-02
9.103832752613240480e+08 4.256585325163492750e-01 -4.137557402023967629e-02 -3.277669729939433965e-03 1.812199695895350474e-02 1.959810371208473706e-02 2.052060429380597739e-02
9.113867595818815231e+08 4.782877698186564497e-01 -6.245920314624953118e-02 -1.716939805093258692e-02 2.113741427028819828e-02 1.962463178485404289e-02 2.151713320475181004e-02
9.123902439024389982e+08 4.711918924621575355e-01 -4.548683408750380658e-02 -6.721533844602131311e-03 2.001177951523494883e-02 1.887842625294016558e-02 2.100994838331287848e-02
9.133937282229964733e+08 4.741508071361072441e-01 -6.921709147244943516e-02 2.961015533383475062e-02 2.050438166975844523e-02 2.050798396771985957e-02 2.067526296532047961e-02
9.143972125435540676e+08 4.646981607866823016e-01 -2.565536350547517608e-02 1.264162991672102866e-02 2.130219270685946437e-02 1.904994034964275010e-02 2.005582033485661664e-02
9.154006968641115427e+08 4.693586079170561920e-01 -4.510984857738892934e-02 -2.246360672666829553e-02 2.111297723571725973e-02 2.078348725372385075e-02 1.920257109156700559e-02
9.164041811846690178e+08 4.845389567107272200e-01 -8.530395677299357216e-02 3.079959155420820133e-02 1.825624401327729379e-02 2.072729152900426933e-02 2.063382770883984835e-02
9.174076655052264929e+08 4.772971950435844213e-01 -6.240425527704958342e-02 1.677314732174902193e-02 2.015211850110070965e-02 1.869792406607020605e-02 1.895477211693835998e-02
9.184111498257839680e+08 4.542221279192551475e-01 -3.218554548622350880e-02 3.690631183403672577e-02 1.919767679311207981e-02 1.903205321755122373e-02 1.823326684455508356e-02
9.194146341463414431e+08 4.231846684215547216e-01 -1.277923148252954333e-01 3.081996917565357763e-02 2.072571961148191380e-02 2.060241693885263639e-02 2.063353124471322894e-02
9.204181184668989182e+08 4.587999026308003936e-01 -4.665714786517494855e-02 -2.045030853249998198e-03 1.892694923851782202e-02 2.111862518729732546e-02 1.952802530719853491e-02
9.214216027874563932e+08 4.379229568247997584e-01 -2.665551825482595505e-02 1.917940228250961110e-02 1.907625015314907968e-02 2.001978688860786559e-02 1.871273083160885156e-02
9.224250871080138683e+08 4.408302937847667913e-01 -1.641395074709547236e-02 3.617683888990839980e-02 1.962127287900983577e-02 2.045785768695383353e-02 1.900063789800159747e-02
9.234285714285714626e+08 4.691062372709028372e-01 -6.189182712360143807e-02 7.114944863262945285e-02 1.891677728934064787e-02 1.963830150979765932e-02 1.887504534166771497e-02
9.244320557491289377e+08 4.891692304457886942e-01 -6.938978667000655909e-02 8.350445935027706046e-03 1.941834996691224960e-02 1.969926431031412961e-02 2.081025748443338791e-02
9.254355400696864128e+08 4.613902325415500383e-01 -6.429755320601253377e-02 7.739225001768734735e-02 2.041891423997805807e-02 1.902418659469507639e-02 2.060505773211403560e-02
9.264390243902438879e+08 4.206908846920000000e-01 -9.066549971298924759e-02 4.667284533969615762e-02 1.929896442063296427e-02 2.173872132647631031e-02 1.876827658080468253e-02
9.274425087108013630e+08 4.413949394529189663e-01 -5.912123220768767534e-02 5.874486405694832880e-02 1.974479176980196288e-02 1.882736234264742806e-02 1.993201638000596104e-02
9.284459930313588381e+08 4.181277879773253048e-01 -1.045372431059665430e-01 8.488805993002572492e-02 2.114964498223963901e-02 1.926149063192404004e-02 2.014336081052754343e-02
9.294494773519163132e+08 4.454942016665676130e-01 -3.325678232455749062e-02 8.548767081145734748e-02 1.943277778545313139e-02 1.924491555463122422e-02 2.038093018779458393e-02
9.304529616724739075e+08 4.288508120234566512e-01 -2.863969775591477390e-02 4.428998620009609588e-02 1.836221310870695886e-02 2.109696927037144759e-02 2.053018727158929801e-02
9.314564459930313826e+08 4.361767140667134335e-01 -2.520068289760810099e-02 6.270889974245075216e-02 1.822372307859420476e-02 2.027415343274690043e-02 2.053192655524059551e-02
9.324599303135888577e+08 4.689996755921779781e-01 -6.177734631918543190e-02 4.984900562808860375e-02 2.129803125788426107e-02 1.977033263392891441e-02 2.023768618869663943e-02
9.334634146341463327e+08 4.401324815950286018e-01 -1.056992485054033745e-02 3.356551699120845916e-02 2.120861749831139467e-02 2.143919507499693344e-02 2.059840800990432944e-02
9.344668989547038078e+08 4.562924679507313619e-01 -7.272117152493944026e-02 6.572043318381781685e-02 2.054111377654578574e-02 2.182698346787617996e-02 1.959629222818037864e-02
9.354703832752612829e+08 4.365579716972027846e-01 -3.595632612889049923e-02 6.693889338501012032e-02 1.841072859654244859e-02 1.909803101711543896e-02 1.978701695655777151e-02
9.364738675958187580e+08 4.658370336612731033e-01 -6.218877107141437821e-02 1.992841072580542328e-02 1.915507221928676798e-02 1.987400650337942110e-02 2.110635620312218200e-02
9.374773519163763523e+08 4.279487761909751553e-01 -4.121961474720832463e-04 6.471029719994442209e-02 2.005730457865455632e-02 1.888242253936552387e-02 2.215352027597887810e-02
9.384808362369338274e+08 4.058680777950149920e-01 -4.009342317190166260e-02 1.057524002129041352e-01 1.927570774136499673e-02 2.138219785833066211e-02 1.944955377057901516e-02
9.394843205574913025e+08 4.448845797426651538e-01 2.547721533048084505e-02 9.031877804467955406e-02 2.130141356802466371e-02 2.051260523315509218e-02 2.066091139738382779e-02
9.404878048780487776e+08 4.639762354309736603e-01 2.537249945406648555e-02 7.705756147596241890e-02 2.077888753475791786e-02 1.948530500531360510e-02 2.007694971094020966e-02
9.414912891986062527e+08 4.422818719118150610e-01 -5.579629434220048818e-03 8.930650852197445644e-02 2.053968463279376086e-02 2.153655998701327692e-02 1.982018564588358331e-02
9.424947735191637278e+08 4.435439429791033228e-01 -9.078473338276663723e-03 1.178183445439804078e-01 1.973710685155948691e-02 2.096496403231149636e-02 2.023103348224673109e-02
9.434982578397212029e+08 4.438554533152627157e-01 -1.151667178159146432e-02 9.784751707722932901e-02 2.136967029269186413e-02 2.026677948102991247e-02 1.869926806322001062e-02
9.445017421602787971e+08 4.354097843548055402e-01 -3.746802908578864694e-02 1.199873799208749786e-01 2.102667461189715661e-02 2.170263533284523885e-02 2.147414479327073439e-02
9.455052264808362722e+08 4.260014242895937553e-01 1.477693750614064716e-02 1.008846868539044206e-01 1.924545263371291517e-02 1.995483370212393359e-02 1.976722638607738419e-02
9.465087108013937473e+08 4.535244365570346159e-01 8.740076346752459480e-02 1.162055089871738417e-01 1.951474999003094749e-02 1.899204741248808684e-02 1.916862963759751251e-02
9.475121951219512224e+08 4.318176849924579841e-01 -2.820512037813874273e-03 1.081712345742333187e-01 1.935732909324916137e-02 1.862603878903565380e-02 2.057653570129748880e-02
9.485156794425086975e+08 4.520021837113891716e-01 -8.869880877553717319e-03 7.566234482746608814e-02 1.948640630342669822e-02 2.107499524393639800e-02 2.004912792607871710e-02
9.495191637630661726e+08 4.646452804958180471e-01 3.938121198229792286e-02 1.220178133261873299e-01 1.990438202809904911e-02 1.870379365284602358e-02 1.853487961949504270e-02
9.505226480836236477e+08 4.275151730182467635e-01 4.146757988150011343e-02 9.794954064508104574e-02 2.043269304686726531e-02 2.020546718872940836e-02 2.023464633310234281e-02
9.515261324041812420e+08 4.709766501322603105e-01 4.695529148329057739e-02 6.846072458303681385e-02 1.747204982658106046e-02 2.148061367954628292e-02 2.043401741134467584e-02
9.525296167247387171e+08 4.439557819587361398e-01 6.522606155071809797e-02 1.140473391633628486e-01 2.010485241831152028e-02 1.858185560030534145e-02 1.873339040390236201e-02
9.535331010452961922e+08 4.718763075818190322e-01 5.084699980834749000e-02 9.175812063575296273e-02 1.999571228944151124e-02 2.039403145269971449e-02 1.981165317120599581e-02
9.545365853658536673e+08 4.245491874035486335e-01 1.614314609529093891e-02 1.122261435346551955e-01 1.874365426529370215e-02 2.074532609985721074e-02 2.015997521721626592e-02
9.555400696864111423e+08 4.369462057970943114e-01 7.123293780069478442e-02 5.337303074331094938e-02 1.871021051876186822e-02 1.980850408320085007e-02 1.989786921236356282e-02
9.565435540069686174e+08 4.449564367330146597e-01 7.620339420923177842e-02 5.992770467590501082e-02 1.970017951200282377e-02 1.852450454581816910e-02 1.678532201303816265e-02
9.575470383275260925e+08 3.996651034099971689e-01 7.702161587613054472e-02 1.174263849607053989e-01 2.021608086848670702e-02 1.908183335619942356e-02 2.152309897108085554e-02
9.585505226480836868e+08 4.624638805997540736e-01 5.304701534916814176e-02 9.374193547003720206e-02 1.992773851266829710e-02 1.969047916664951048e-02 2.040590631721150849e-02
9.595540069686410427e+08 4.577286149091374656e-01 8.876378292622266741e-02 8.632904490346741955e-02 2.002233161779179774e-02 1.935617374878429928e-02 1.857192610461112434e-02
9.605574912891986370e+08 4.076240953343745477e-01 7.747537540645331455e-02 9.257536278363037718e-02 2.079806877685860117e-02 1.999342591025137991e-02 2.028997463316059569e-02
9.615609756097561121e+08 4.298080249062212754e-01 6.108846485465092152e-02 3.704901519930482029e-02 2.157238798658913867e-02 1.996207905486419368e-02 2.021495644208790715e-02
9.625644599303135872e+08 4.386561245090457861e-01 8.513091343280587697e-02 8.180576655017074428e-02 2.088473372966406783e-02 1.892743859724177469e-02 2.056178458755437283e-02
9.635679442508710623e+08 4.463649122451127660e-01 1.311954281897848296e-01 6.928826328979018068e-02 1.978237666968799685e-02 1.747677857082575309e-02 1.987684913926518818e-02
9.645714285714285374e+08 4.120820395070370346e-01 8.627559783178584407e-02 4.897778528078973459e-02 1.845824220181878361e-02 1.976054484444715251e-02 1.892789771421320849e-02
9.655749128919861317e+08 4.593452343117445102e-01 7.822582179702271266e-02 9.200365988227789116e-02 2.112671094802515831e-02 1.912120949171595627e-02 1.916009136215290551e-02
9.665783972125434875e+08 4.204932107256540430e-01 9.979690152998572927e-02 6.411533007719683042e-02 2.028943844696092305e-02 1.927244528677746552e-02 1.933558652652122081e-02
9.675818815331010818e+08 4.356904744388635509e-01 1.001140024976413384e-01 4.043611250550951941e-02 1.811705107474120488e-02 1.672052022843331306e-02 2.104289431477200309e-02
9.685853658536585569e+08 4.248651026522667351e-01 7.572846729822135803e-02 5.266953597290959660e-02 1.769072899023704792e-02 1.856309579083392086e-02 2.013634001809570112e-02
9.695888501742160320e+08 4.291672037324066324e-01 1.062473485545351731e-01 4.165175158736289518e-02 2.170408118103386852e-02 2.139156135187885582e-02 2.004660286931243124e-02
9.705923344947735071e+08 4.511750369076738543e-01 9.055445817791300811e-02 6.278076901326040682e-02 2.036324887004476586e-02 1.923037387595450884e-02 2.025247402616568021e-02
9.715958188153309822e+08 4.406483670381690643e-01 1.135977985864468631e-01 5.705407625600516369e-02 2.105141582427581468e-02 1.919341700402825771e-02 2.227132133774059261e-02
9.725993031358884573e+08 4.034977454295711752e-01 1.019265604568574402e-01 8.175535654742611957e-03 2.040645051259897327e-02 2.192897849458838241e-02 2.076826424740172913e-02
9.736027874564459324e+08 4.375327630647155019e-01 1.548307502062331587e-01 7.631129475581430177e-02 1.693635645899608730e-02 2.067806679774362305e-02 2.190212858895611986e-02
9.746062717770035267e+08 4.318459970988125507e-01 7.542931317551498926e-02 4.290109391362286612e-02 1.970785545267682987e-02 1.894733157019720324e-02 2.006384176631388280e-02
9.756097560975610018e+08 4.361201013779902325e-01 1.047710043658640622e-01 6.097083570842511818e-02 2.075777270496916363e-02 2.054321594393027084e-02 2.134178733910290990e-02
9.766132404181184769e+08 3.831482693131214035e-01 1.442679158974982112e-01 -1.853280718261703791e-02 2.029654924936529978e-02 1.889411071666636383e-02 2.042013071284991613e-02
9.776167247386759520e+08 4.203280989247994981e-01 1.306472007088951837e-01 2.343460068751992281e-02 1.925560997159796520e-02 2.018579425724809084e-02 1.907107939419160070e-02
9.786202090592334270e+08 4.603684842517570264e-01 9.683898483185998662e-02 9.300142292932866289e-03 1.951559089811200423e-02 2.033303465471869576e-02 1.929416964076889965e-02
9.796236933797909021e+08 4.527230069217932362e-01 1.691108743562133587e-01 5.193546279761861173e-02 2.035051622930751647e-02 2.011028953033859590e-02 2.081669103321142494e-02
9.806271777003483772e+08 4.563871517866014971e-01 1.325285659838542351e-01 -6.435631428309543031e-04 2.081030529376385468e-02 2.101853437993045012e-02 1.957911808562000019e-02
9.816306620209059715e+08 3.927953187342124730e-01 1.406617023151943702e-01 2.427225136210775383e-04 1.961774395408497421e-02 1.922093075471771953e-02 2.077547463379000522e-02
9.826341463414634466e+08 4.521083393882089907e-01 1.278870471981907453e-01 4.188615014144375474e-03 2.011944494360071861e-02 1.920013174414367946e-02 1.928632259605472105e-02
9.836376306620209217e+08 4.580477182728859287e-01 1.418259127400234021e-01 9.725409387286786805e-03 1.927920747226068154e-02 2.067791487331059261e-02 1.794705695956621758e-02
9.846411149825783968e+08 4.280925481992809423e-01 1.430295270390612439e-01 -1.730505126650586437e-02 2.045165508705365162e-02 1.970790063585394283e-02 1.898070712850321792e-02
9.856445993031358719e+08 4.270533209931166030e-01 1.227310298171125358e-01 -3.410421307519989620e-02 1.946725144127584711e-02 2.002800980059888172e-02 1.887370385080304122e-02
9.866480836236933470e+08 3.964850448411026407e-01 1.446836578922297556e-01 -6.693019784959571006e-02 1.954634862318458538e-02 2.091402536743943580e-02 1.933925055656401590e-02
9.876515679442508221e+08 4.152896790607716326e-01 1.656477265182045022e-01 -1.037275184000763240e-02 2.009470479362093429e-02 2.049266744691765479e-02 1.894375837472799667e-02
9.886550522648084164e+08 4.136293058133129197e-01 1.242714427536689842e-01 -2.691099251406548626e-02 1.958474658474809033e-02 1.810405090603995834e-02 1.896373819729108012e-02
9.896585365853658915e+08 4.382296104833959816e-01 1.463876325220929142e-01 -4.848799848472042789e-02 1.839494009880798461e-02 1.932516793976186628e-02 1.985935540579241917e-02
9.906620209059233665e+08 4.449725440329829196e-01 1.000505748251191429e-01 -2.197843060729467307e-02 1.862690187896486743e-02 2.117859613517808839e-02 1.874277352901696642e-02
9.916655052264808416e+08 4.371349520392381893e-01 1.252637079830379030e-01 -6.623046770825741225e-02 2.104814452036971734e-02 2.179684950729253098e-02 1.707337102259570347e-02
9.926689895470383167e+08 4.248738038628510627e-01 1.419014091274586331e-01 -8.796596277618005943e-02 1.965289659651669671e-02 1.961795716084504052e-02 1.913306691132389548e-02
9.936724738675957918e+08 4.181894932635699114e-01 1.067964317407745084e-01 -8.831863223897433446e-02 1.935551572384139676e-02 1.935100153378805157e-02 1.849365733189926517e-02
9.946759581881532669e+08 4.448207596229341032e-01 1.208393264468026612e-01 -1.065780452664785438e-01 2.243734653934633186e-02 1.842360691702285558e-02 2.114132279928493743e-02
9.956794425087108612e+08 4.138034409632265209e-01 1.335331347846448469e-01 -6.420590654060495672e-02 1.943680459237276045e-02 2.044771032404906624e-02 1.938729603015088357e-02
9.966829268292682171e+08 4.232654420195757772e-01 9.378145599797106657e-02 -7.519973574150790041e-02 2.064132882875460706e-02 1.946723603931541091e-02 1.990239048881888365e-02
9.976864111498258114e+08 4.542747905106832018e-01 1.372292645344329320e-01 -5.350626960503047230e-02 1.862670077076438585e-02 2.151005678261986784e-02 1.979726715109207322e-02
9.986898954703832865e+08 4.472686995950987399e-01 1.199701389637323756e-01 -8.168169702707937796e-02 1.917762294414813301e-02 1.968050780325383831e-02 2.068949195033971053e-02
9.996933797909407616e+08 4.465401800548813860e-01 1.287105753504697581e-01 -1.016254111887620187e-01 1.978171421093468871e-02 1.949813131088248483e-02 1.993076652065549695e-02
1.000696864111498237e+09 4.606426318874273784e-01 9.161397005638004243e-02 -7.855820694795294379e-02 2.068235666773542841e-02 2.079017545412653253e-02 1.943075307386610273e-02
1.001700348432055712e+09 4.266396247017334997e-01 1.291531374821668909e-01 -7.951966292042188245e-02 1.996081091108494951e-02 1.925774022323405166e-02 2.163760725876126209e-02
1.002703832752613306e+09 4.241173012113582108e-01 1.204245953434174843e-01 -1.147054964285307149e-01 1.840267995685593988e-02 1.989987028652035264e-02 1.985396784834713574e-02
1.003707317073170662e+09 4.275050381131687560e-01 1.104344601938390402e-01 -1.119608863863157389e-01 2.058846451699086061e-02 1.997498954500271165e-02 2.050493705046846707e-02
1.004710801393728256e+09 4.274059167119848568e-01 1.152429292492411633e-01 -1.338592468345751740e-01 2.180604591506344475e-02 2.021431932066726153e-02 2.157895068440510850e-02
1.005714285714285731e+09 4.191178874633958440e-01 7.142968080527289931e-02 -1.287743860979240762e-01 2.216776115717904519e-02 1.974868323771418119e-02 1.968971340529429223e-02
1.006717770034843206e+09 4.048313855731715538e-01 9.663741532777410381e-02 -1.372133230148877558e-01 1.986916996330492791e-02 2.070382332908700732e-02 2.115577558584827086e-02
1.007721254355400681e+09 4.427521510880531586e-01 8.742670686268336211e-02 -1.076863358004928883e-01 2.036704540253944651e-02 1.951358871055781583e-02 1.971986013479602035e-02
1.008724738675958157e+09 4.311175542410239370e-01 1.080528874252885546e-01 -9.218351223341261780e-02 2.009022131077028983e-02 1.972095728012131580e-02 2.014687566275583097e-02
1.009728222996515632e+09 4.177423792900789024e-01 5.473738579999847670e-02 -1.265910256970879666e-01 2.055393202262893043e-02 1.983066454086161723e-02 1.931651210624094755e-02
1.010731707317073107e+09 4.317721492091340374e-01 8.140434285207785725e-02 -9.828843380234121574e-02 1.867137108954572411e-02 2.126124445838264987e-02 2.035595447682708378e-02
1.011735191637630701e+09 3.894720682486140229e-01 6.153203487240370417e-02 -1.070908048731668699e-01 2.012568487493804001e-02 2.103501145113023316e-02 1.922440169450357825e-02
1.012738675958188176e+09 3.763001744185397457e-01 6.963034941805222588e-02 -1.396809167372736193e-01 2.027509939529692495e-02 2.121920237925857544e-02 2.161141575753554311e-02
1.013742160278745651e+09 3.978616204408048085e-01 9.165452528713873004e-02 -9.344648219108732390e-02 1.877100149446569652e-02 2.085641566867682886e-02 2.028826682962142289e-02
1.014745644599303126e+09 4.623070361440645981e-01 6.862073376325138196e-02 -1.304404372042046456e-01 1.869199786069100644e-02 1.903924729425425164e-02 1.920120017196973519e-02
1.015749128919860601e+09 4.557360860065861052e-01 7.106669108446661554e-02 -1.185945272154652341e-01 2.111244623799959919e-02 1.979580952195229143e-02 1.935161019756961864e-02
1.016752613240418077e+09 3.733858001108267266e-01 4.978993993778029620e-02 -1.722600366740243416e-01 1.917744194639803626e-02 1.854195064411328503e-02 1.948433401776675580e-02
1.017756097560975552e+09 4.385841741014805950e-01 3.525149706664629928e-02 -1.564928186745127292e-01 2.081356266377755102e-02 1.859405084635868191e-02 2.142782098185337311e-02
1.018759581881533146e+09 4.353608379815511742e-01 4.243150749556435369e-02 -1.693744471140657126e-01 2.100092071306329869e-02 2.009849616718985266e-02 2.052435762150410514e-02
1.019763066202090621e+09 3.871313821496320529e-01 1.314609498062996318e-02 -1.616658048151498051e-01 1.940995486653374416e-02 1.976956800374071038e-02 1.875823970252957912e-02
1.020766550522648096e+09 4.621678841026475304e-01 3.462358413675566127e-02 -1.367002532403339410e-01 2.038696207963222595e-02 2.091414351920773892e-02 2.023636755866823136e-02
1.021770034843205571e+09 4.263965783557640554e-01 4.115263133123480549e-02 -1.484291319871538506e-01 2.090154765884775709e-02 1.936258559717617816e-02 1.955929689535579677e-02
1.022773519163763046e+09 4.151536005518546291e-01 1.397124432912737191e-02 -1.264019058477622026e-01 2.079861883471154083e-02 1.995838780640823637e-02 2.081524328020790959e-02
1.023777003484320521e+09 4.371702768042471376e-01 2.343906112477530529e-03 -1.619666567706026239e-01 2.075403362787091657e-02 1.901361653129274645e-02 2.060657993662853849e-02
1.024780487804877996e+09 4.533615612419317764e-01 3.033568932117677863e-02 -1.769304659579691297e-01 1.877306490092163840e-02 2.163362740818274010e-02 1.891019483306574656e-02
1.025783972125435591e+09 4.214720042524578436e-01 2.294749091454129086e-02 -1.710253330561322394e-01 1.776477103436492622e-02 1.944703573847261086e-02 2.018175461065854770e-02
1.026787456445993066e+09 4.581808013338130592e-01 1.845922193139829665e-02 -1.744115388283785095e-01 1.957399316697708974e-02 2.019993079174224604e-02 2.220245341876479414e-02
1.027790940766550541e+09 3.966458110084654098e-01 1.137687169902784276e-02 -1.644306794710750363e-01 2.039965779794183573e-02 1.925837233334225240e-02 2.011299391066312392e-02
1.028794425087108016e+09 4.214667012279126324e-01 -1.288082759146714010e-02 -1.556935043568610233e-01 2.015327868565578578e-02 1.815011046115350482e-02 2.030368458708851909e-02
1.029797909407665491e+09 4.467296531304591478e-01 -8.441065240313988527e-04 -1.887854370217630362e-01 1.991144739847080722e-02 2.076924721316253039e-02 2.076656974487947269e-02
1.030801393728222966e+09 4.194590049303573709e-01 -1.729972582638494502e-02 -1.333067813887386932e-01 1.960807743672080689e-02 1.967160272415428499e-02 1.906727106951855780e-02
1.031804878048780441e+09 4.006049292355072233e-01 -1.874289722636976810e-02 -1.805587087744539576e-01 1.938469364547172613e-02 2.039961070782972397e-02 1.915819094563670291e-02
1.032808362369338036e+09 4.394580685196577408e-01 -2.956288524695239311e-02 -1.473260239615376832e-01 1.918907705551263498e-02 2.034109874477922977e-02 1.997259514324869686e-02
1.033811846689895511e+09 4.175479417964656492e-01 -4.613330318484611808e-02 -1.689103319659346070e-01 2.002702742322540544e-02 1.945988206958118583e-02 2.033495858512505278e-02
1.034815331010452986e+09 4.276743511228864314e-01 -2.762287129360698271e-02 -1.953534160881864601e-01 2.035746667499546345e-02 2.097354757081952570e-02 1.888963272602057694e-02
1.035818815331010461e+09 4.150495157609566110e-01 -6.759082505220795345e-02 -1.607595210136990860e-01 1.890526091766954117e-02 1.909944350620819756e-02 2.124152158910557614e-02
1.036822299651567936e+09 4.021055762153539215e-01 -1.939892379996171687e-02 -1.840352677882785837e-01 2.106686277069252239e-02 1.970628978851677454e-02 2.125586511664362757e-02
1.037825783972125411e+09 3.970838469011837568e-01 -8.863071068789274420e-02 -1.871493830713548412e-01 1.905726317395017508e-02 1.970541750078848992e-02 2.032339730418030940e-02
1.038829268292682886e+09 4.163094047381616924e-01 -6.510021741270805018e-02 -1.652028122835831891e-01 2.001578251681844500e-02 1.874871243981908811e-02 1.896451564887675911e-02
1.039832752613240480e+09 4.097204001922130079e-01 -5.038629129613787089e-02 -1.490133777049282848e-01 2.078309374316475097e-02 2.107644124125482299e-02 2.042256885207818437e-02
1.040836236933797836e+09 4.257124535783001762e-01 -8.993609888895594262e-02 -1.266627104593661679e-01 2.065090134876645944e-02 1.992699011206552906e-02 2.067096245473692626e-02
1.041839721254355431e+09 4.367535610057473039e-01 -6.268289661796883072e-02 -1.307884141039218073e-01 2.035535384667870942e-02 1.934209123285445669e-02 2.004485834822574558e-02
1.042843205574912906e+09 4.156943279835198513e-01 -9.341711338535034492e-02 -1.339884824411584630e-01 2.101219594982691938e-02 1.823007833283092627e-02 2.159858083476809062e-02
1.043846689895470381e+09 4.372540132969842674e-01 -1.002558175754525854e-01 -1.598420128545272600e-01 1.950868903509326430e-02 2.268806718993071972e-02 2.057578012777197540e-02
1.044850174216027856e+09 4.086223094835567116e-01 -8.608029233348390985e-02 -1.486084448550778203e-01 2.061020881966701274e-02 2.074781610619900671e-02 1.962768894037089304e-02
1.045853658536585331e+09 3.810085978733050438e-01 -7.971437481626925114e-02 -1.626048621062573529e-01 2.100185315035725878e-02 1.921535867191167743e-02 2.088429626783670778e-02
1.046857142857142925e+09 3.898828861749912278e-01 -8.385711650190197375e-02 -1.146119559481980077e-01 1.941531592369310014e-02 1.968542937264305959e-02 1.995466113330453609e-02
1.047860627177700281e+09 4.058002089212580099e-01 -1.283293753479426980e-01 -1.205668800353549286e-01 2.064089150259291669e-02 2.001365659882183012e-02 2.014436861495454492e-02
1.048864111498257875e+09 3.902933912671988637e-01 -1.094273947803206526e-01 -1.417846174341723386e-01 2.147016143854769618e-02 2.085463878688029182e-02 1.974103413447711106e-02
1.049867595818815351e+09 4.005996751560610414e-01 -1.488926164273865205e-01 -1.455942257294858266e-01 2.114945272870204923e-02 1.975764728885579316e-02 2.227741960483036951e-02
1.050871080139372826e+09 4.022286770905785236e-01 -9.513769300117649874e-02 -1.725186896950232085e-01 2.009518945043199667e-02 2.090879929134617163e-02 2.021993220642387748e-02
1.051874564459930301e+09 4.240223018591925408e-01 -1.001420293492245317e-01 -1.050713452866090941e-01 1.884939950442620499e-02 2.033518802909614620e-02 1.867899975453243128e-02
1.052878048780487776e+09 3.851611483466908514e-01 -9.720919033978187018e-02 -1.339897326468617034e-01 2.031827161755520375e-02 1.945017093596311530e-02 1.948642552110100776e-02
1.053881533101045251e+09 3.965087540122858023e-01 -1.458021417247432061e-01 -1.230841995659987670e-01 1.938408195627730132e-02 2.130916831635515027e-02 1.966472576376017412e-02
1.054885017421602726e+09 4.187076397927166904e-01 -1.377332426557636713e-01 -1.174793508979746770e-01 1.964176229278121605e-02 1.969080073597705496e-02 2.132648648271241384e-02
1.055888501742160320e+09 4.190546356896523439e-01 -1.266068066722582097e-01 -1.021886824412474304e-01 2.094733409123861537e-02 1.983379565465884231e-02 1.872586893514897530e-02
1.056891986062717795e+09 4.201769998899761438e-01 -1.318937048557026759e-01 -1.149911138351347867e-01 1.936275284446775657e-02 2.120173248499758467e-02 2.186057000626374924e-02
1.057895470383275270e+09 4.200982372344435611e-01 -1.282382204191453434e-01 -1.245778263952648790e-01 2.058668505157514039e-02 2.111429314277343469e-02 1.996609098508621630e-02
1.058898954703832746e+09 3.975410744871663016e-01 -1.639347477953247978e-01 -6.959308654272980399e-02 2.180331541664529138e-02 1.985448106563604542e-02 1.952128975409255993e-02
1.059902439024390221e+09 4.012060756785064686e-01 -1.371761591907016409e-01 -1.040616556993435998e-01 2.029594639999591360e-02 1.955142771854914002e-02 2.046816903532371404e-02
1.060905923344947696e+09 3.681622269547407678e-01 -1.761081078777791964e-01 -1.050821244810554445e-01 2.109508562043921689e-02 1.922907715038981238e-02 1.926608681783687979e-02
1.061909407665505171e+09 4.052147552900980942e-01 -1.447948905164072042e-01 -1.094646429764338930e-01 2.001345887574209129e-02 1.934472612377433065e-02 2.019558215488989270e-02
1.062912891986062765e+09 4.105311514810439655e-01 -1.301003761793490532e-01 -9.367441868630990709e-02 1.908662224013599196e-02 1.894508078834801490e-02 2.144107425663973124e-02
1.063916376306620240e+09 4.048951869423722538e-01 -1.504987794346029639e-01 -7.294963805606126395e-02 2.133215698581333863e-02 1.913718168570415629e-02 1.885271637610127365e-02
1.064919860627177715e+09 3.923985659261381986e-01 -1.756189374670784897e-01 -1.005394162299406424e-01 2.085325415245428693e-02 1.941447900886906705e-02 1.788914875802282561e-02
1.065923344947735190e+09 4.019626014995002494e-01 -1.236278696697149793e-01 -9.373163094861000633e-02 2.104089651238348277e-02 1.895211755879425489e-02 2.089099200625475772e-02
1.066926829268292665e+09 3.886689710833821088e-01 -1.363011441746411756e-01 -7.050199213690008793e-02 1.980513389549208580e-02 2.146505488644850218e-02 2.125224185436997912e-02
1.067930313588850141e+09 4.146319462662241273e-01 -1.645126639810360336e-01 -1.089883026717360925e-01 2.020215998703396229e-02 2.033483745882537497e-02 1.867532315066110921e-02
1.068933797909407616e+09 4.422496631038129733e-01 -1.704966221051971709e-01 -4.433989007270786736e-02 1.864911649627935819e-02 2.130023098918946284e-02 2.056161422015807122e-02
1.069937282229965210e+09 4.154742126991328166e-01 -1.810341548048960691e-01 -6.488749313317732081e-02 2.044929208212737520e-02 2.114896137755578956e-02 2.069565631133932909e-02
1.070940766550522566e+09 4.069319085060694174e-01 -1.944592827949348235e-01 -2.042334840798147588e-02 2.077243214120203657e-02 2.097833220704819687e-02 2.027287334211799394e-02
1.071944250871080160e+09 4.027988007827301709e-01 -1.824172774705001554e-01 -5.051422548803424090e-02 2.076881117753306971e-02 2.086704618297329644e-02 2.129724237613509277e-02
1.072947735191637635e+09 4.165472735850853092e-01 -1.760608713268705383e-01 -6.851279000987996193e-02 2.073711047716047737e-02 2.087683354880941894e-02 2.185077296504359459e-02
1.073951219512195110e+09 4.388388355253727280e-01 -1.853267764954231456e-01 -6.547228819212706774e-02 1.918944069411269299e-02 1.993393995963426216e-02 2.051939163346124320e-02
1.074954703832752705e+09 3.797458676928365251e-01 -1.500372458303732559e-01 -5.800998114300263964e-02 2.186224061253483689e-02 1.944439530611076494e-02 2.082415604736834527e-02
1.075958188153310061e+09 4.240541535684997920e-01 -1.761290517199807226e-01 -4.634694287965672455e-02 1.867435293415435626e-02 2.079118337374474823e-02 1.933043606647256996e-02
1.076961672473867655e+09 4.292739802589702891e-01 -1.913586720192221036e-01 -5.030171222377988194e-02 1.977670171702858998e-02 2.039342342106255715e-02 1.925511423097370570e-02
1.077965156794425011e+09 4.115569268074673603e-01 -1.756891841304524249e-01 -5.852976205141984661e-02 2.062252459915188754e-02 1.985430415608876661e-02 2.032586968476736769e-02
1.078968641114982605e+09 3.907341108029580568e-01 -1.645466631872342655e-01 2.604752699933265969e-03 2.013570630610652182e-02 1.979292675691574771e-02 1.912988246777598197e-02
1.079972125435540199e+09 3.881434840156228194e-01 -1.947820163772048252e-01 -2.367031942744559844e-03 2.042362488300525705e-02 2.031137663494320469e-02 2.013149114275814347e-02
1.080975609756097555e+09 3.699141671798295006e-01 -2.394277619689791914e-01 -1.115535428136318896e-02 1.936150294424090340e-02 2.043629362234047897e-02 1.937329633704096624e-02
1.081979094076654911e+09 3.945009381576374263e-01 -1.979851181440325514e-01 -3.464275127056993392e-02 1.981606945316806423e-02 1.922120565688301835e-02 1.900022438231365601e-02
1.082982578397212505e+09 4.141589936978700703e-01 -1.919027184595590851e-01 2.894378806771404772e-02 2.036861863773659770e-02 1.948423750219019715e-02 1.847600169997697800e-02
1.083986062717770100e+09 3.786528346530170785e-01 -2.000223959318433442e-01 3.574399549319910024e-02 2.032132129847541088e-02 2.038496152912398773e-02 2.002179717370598799e-02
1.084989547038327456e+09 3.905321834021537875e-01 -2.023038942107011628e-01 -1.201547213233820216e-03 1.957373762697958708e-02 2.007311560101966708e-02 2.035563556582174055e-02
1.085993031358885050e+09 3.696384840757538370e-01 -1.828472837535945472e-01 -2.256180012569370189e-02 1.961508652127750760e-02 2.096923008313275605e-02 2.021387615779379407e-02
1.086996515679442406e+09 4.256107823267658019e-01 -1.721291640667689804e-01 -1.129978762209104398e-02 2.062848777721709020e-02 2.008401144927115731e-02 2.052239960284128750e-02
1.088000000000000000e+09 4.071054471554488852e-01 -1.976974328184480656e-01 4.054844068183854205e-02 2.047393019538025841e-02 2.010911984843945580e-02 2.056003831991011846e-02
