8.000000000000000000e+08 3.017883564421651066e+00 -1.252248433888386026e-01 2.764017406019770862e-01 1.757965343770230213e-02 2.061690598213345577e-02 2.003331999712129607e-02
8.010034843205574751e+08 3.020733915158076321e+00 -1.003628471504341702e-01 3.226519038343687584e-01 2.089519734166554732e-02 2.036132513873099154e-02 1.897635744958671433e-02
8.020069686411149502e+08 3.011587684467792680e+00 -4.403550540763553206e-02 3.178458996621868482e-01 1.927712788420544651e-02 2.083812424296735411e-02 2.071097689698509284e-02
8.030104529616724253e+08 3.000120071887945272e+00 -3.045334101505297458e-02 2.691602285847394804e-01 2.132303322916003288e-02 1.777942402865842139e-02 1.860067607454963037e-02
8.040139372822300196e+08 2.996557105674466648e+00 -3.706752600024848174e-03 3.056366728140388345e-01 2.039722523382037425e-02 1.947663088445816815e-02 1.979038541268537260e-02
8.050174216027874947e+08 2.985784477982607044e+00 6.618842789141134164e-03 2.742741094088783083e-01 1.832208435697132987e-02 1.990962665523402300e-02 1.943628782867296012e-02
8.060209059233449697e+08 2.991781093784164014e+00 6.804840603872727711e-02 3.050838214384491431e-01 2.054884062661870014e-02 1.777079592789113788e-02 2.086893224680626616e-02
8.070243902439024448e+08 2.999309450256302245e+00 5.811541891785274028e-02 2.784219965159352439e-01 1.941174930040813831e-02 2.086120983717034902e-02 2.095319945170438444e-02
8.080278745644599199e+08 3.042264009725946128e+00 8.965520554279271526e-02 2.832700954044360397e-01 1.976514236143292469e-02 2.044437163957485079e-02 2.071053118405006416e-02
8.090313588850173950e+08 3.008617796793239929e+00 8.767362729421050715e-02 2.883353473447793358e-01 1.859204795715866526e-02 2.036420262371432810e-02 1.887928228726784216e-02
8.100348432055748701e+08 2.980912559227347547e+00 8.901088070052201595e-02 2.485480361616705658e-01 1.869347816038550991e-02 2.030303012876262178e-02 2.169292434308986092e-02
8.110383275261323452e+08 2.990454116753128666e+00 1.018442802995194740e-01 2.472715865927723744e-01 1.784725839408576181e-02 2.108945590994300637e-02 2.215071693475578404e-02
8.120418118466899395e+08 2.998391313090773114e+00 1.250332768785100412e-01 2.029045671741683543e-01 1.868265091212409357e-02 1.794815079052271278e-02 1.948599338110590037e-02
8.130452961672474146e+08 2.987517565240095596e+00 1.459154024036310171e-01 2.312026083401120813e-01 1.966349642002196765e-02 1.983914348996196342e-02 2.085750237047596239e-02
8.140487804878048897e+08 2.980413877842363668e+00 2.022174766141706381e-01 1.963171797079963643e-01 1.898233476248013113e-02 1.961717273011216386e-02 2.020997118978230464e-02
8.150522648083623648e+08 3.004268406167535765e+00 1.938413866485145520e-01 1.834555713511784314e-01 2.109078410460482264e-02 2.093875724481016748e-02 1.825467886197574760e-02
8.160557491289198399e+08 2.988565529648966379e+00 2.224707788697110888e-01 1.602024311394394662e-01 1.961801107256595442e-02 2.075613607053175200e-02 1.887410616788448223e-02
8.170592334494773149e+08 2.954887549937196489e+00 1.756012035143061367e-01 1.053646200605055511e-01 1.957411796404574453e-02 1.991671564419796384e-02 1.924734183484070466e-02
8.180627177700347900e+08 2.949411560586997272e+00 2.319058366526347836e-01 1.447584085734517634e-01 2.196702274361572380e-02 2.022003931676299993e-02 2.122752078008826454e-02
8.190662020905923843e+08 2.990966256395844347e+00 2.285946850445822742e-01 1.062965815291118943e-01 2.038736551978673900e-02 1.928786685919611429e-02 2.080058072857050508e-02
8.200696864111498594e+08 3.038917120114710713e+00 2.150849072372778836e-01 5.892032110878674123e-02 1.878640200082914644e-02 1.831589807366545627e-02 1.825493904125688460e-02
8.210731707317073345e+08 2.976585651509578323e+00 1.984536947286629494e-01 4.985830584919575398e-02 2.071054093452147707e-02 1.833344609041218445e-02 2.018354892984216761e-02
8.220766550522648096e+08 2.970492433578666436e+00 2.329125249356328586e-01 2.586381551854151362e-02 1.708573538358406155e-02 2.074729895441476332e-02 2.030233141500029440e-02
8.230801393728222847e+08 2.972566291411510075e+00 2.294466504679743835e-01 6.915722281160234519e-02 2.050961172782514094e-02 2.019459116579551405e-02 2.126833923821810912e-02
8.240836236933797598e+08 2.994365973799542502e+00 2.152258754076920300e-01 4.161022715099099711e-02 2.012892589010542924e-02 1.938632625229651241e-02 2.060029050380830437e-02
8.250871080139372349e+08 3.026145127500448062e+00 2.228381328508267090e-01 -2.745846683415093317e-03 1.999517789230137454e-02 2.069727413624965900e-02 1.887839221720793298e-02
8.260905923344948292e+08 2.994145277318514875e+00 1.779536385073147153e-01 -2.356777854811275760e-02 2.120306250517249927e-02 2.046252687263656542e-02 2.044791482332426399e-02
8.270940766550523043e+08 3.013427302146440390e+00 1.776094409532638640e-01 -1.992275372588935348e-02 2.059309010529310202e-02 1.841697604453157791e-02 1.882544972675087927e-02
8.280975609756097794e+08 3.023205466080283177e+00 2.194610781622571838e-01 -4.102403290440800876e-02 1.931409123940864767e-02 2.160128357582798489e-02 1.904307781750558606e-02
8.291010452961672544e+08 3.005995223392153637e+00 1.907120295011140998e-01 -5.557351823290135329e-02 1.923150557247665579e-02 2.024256814026243953e-02 1.978451543717980529e-02
8.301045296167247295e+08 3.012327428811468089e+00 1.327993379560946929e-01 -7.835892424290162583e-02 1.933568094272437171e-02 2.085993314605539758e-02 2.103296061148559465e-02
8.311080139372822046e+08 3.013099689841328921e+00 1.362637994518980933e-01 -1.017589429584343230e-01 1.837432656285020033e-02 2.036923230817679065e-02 2.027940190479984514e-02
8.321114982578396797e+08 3.028245358114052266e+00 1.522837715711804762e-01 -9.158737009281611718e-02 2.202089126639272115e-02 1.986625118171769441e-02 2.105570943521009944e-02
8.331149825783971548e+08 2.999587902643471526e+00 1.325568325044065299e-01 -1.056402517405100050e-01 1.994854833720265119e-02 2.060530566948568648e-02 2.008185169651176966e-02
8.341184668989547491e+08 2.990195569052274571e+00 1.494162808545445587e-01 -1.223573145785766259e-01 1.940912414381526854e-02 2.094351168004973673e-02 2.106129985406195518e-02
8.351219512195122242e+08 2.994025749829229976e+00 1.254113349804501787e-01 -1.502006420359849881e-01 2.057916536736787913e-02 1.803367007630981775e-02 2.122781293026539465e-02
8.361254355400696993e+08 2.984256540549896641e+00 8.632989563956702805e-02 -1.687943385232325288e-01 2.094795853028535645e-02 2.099301544490269136e-02 1.760817216821326109e-02
8.371289198606271744e+08 2.984853311001420373e+00 8.422674572877746069e-02 -1.406097062056655411e-01 2.149830236506692152e-02 1.871949378935728811e-02 2.047457458164124444e-02
8.381324041811846495e+08 2.966172037901419589e+00 6.617123264090145340e-02 -1.388130724950091266e-01 1.991755943469602358e-02 1.863533309784324438e-02 2.307893975338108986e-02
8.391358885017421246e+08 2.986874281223498517e+00 5.670236546160806884e-02 -1.368030523931601239e-01 2.056999983103294932e-02 2.013539269305031701e-02 1.916575863229400684e-02
8.401393728222995996e+08 3.036307935463843588e+00 6.936405034645137802e-02 -1.657781105579206327e-01 1.938892915056068117e-02 1.957033840684562973e-02 2.147211974818723917e-02
8.411428571428571939e+08 2.969365560867326614e+00 5.367783967362703412e-02 -1.438405897808311407e-01 2.092800126508608666e-02 1.945532051420374373e-02 2.019486156609796856e-02
8.421463414634146690e+08 3.023841138938569983e+00 -1.436810200946866609e-02 -1.358558145127778949e-01 2.309631022502476455e-02 2.056824115453271054e-02 1.970710359838362055e-02
8.431498257839721441e+08 3.009480121807769137e+00 4.607974665197179381e-03 -1.231906718580807192e-01 2.114167240892616748e-02 1.949916579600654773e-02 2.046243184825713782e-02
8.441533101045296192e+08 2.997872490827035552e+00 -1.743145771199700045e-02 -1.641771516972793110e-01 2.026803660211703648e-02 1.856286579650118923e-02 1.925987604145557724e-02
8.451567944250870943e+08 2.979368016580967726e+00 -2.789263072819220257e-02 -1.189463963262987756e-01 2.151957725455323767e-02 2.057215114296151448e-02 1.893426199983421973e-02
8.461602787456445694e+08 3.001647314782687648e+00 -5.033357834581979329e-02 -1.425736484777733459e-01 1.807962801825964069e-02 2.010904594356553027e-02 2.071720339407823186e-02
8.471637630662020445e+08 3.026219000135124126e+00 -3.631952482633042656e-02 -1.151368374644135828e-01 1.996443389870458662e-02 1.911589627507982378e-02 1.962897954086190166e-02
8.481672473867595196e+08 3.012105830656958361e+00 -6.792481362877578199e-02 -1.235831917222709880e-01 2.015132655263719708e-02 2.039575274266736474e-02 2.000404942696593774e-02
8.491707317073171139e+08 3.020893431053879752e+00 -8.821478412603443731e-02 -1.206944777402790131e-01 2.120481385078325579e-02 1.891128403620168444e-02 2.037062676148024276e-02
8.501742160278745890e+08 3.029984734152757042e+00 -9.486458954550991418e-02 -8.840211545504583768e-02 2.002178471457545864e-02 1.970683663003221925e-02 1.916007019142135226e-02
8.511777003484320641e+08 2.979685203885702460e+00 -1.187693878819648108e-01 -9.491589299747596464e-02 1.951281073853961337e-02 2.121332031067652349e-02 2.133179634926672327e-02
8.521811846689895391e+08 3.018663227863035203e+00 -1.223111152602715385e-01 -9.459982457261860433e-02 2.044588952286075303e-02 1.930512837099703990e-02 1.945425010787404582e-02
8.531846689895470142e+08 3.009333718987188266e+00 -1.464713912798550344e-01 -8.175136467339119695e-02 2.021556750461215787e-02 2.022774967643600763e-02 2.083880940190078329e-02
8.541881533101044893e+08 3.025998617849416039e+00 -1.156979168792500734e-01 -5.793796695499295324e-02 1.907576885416411780e-02 1.777545283992692376e-02 1.966592779014105993e-02
8.551916376306619644e+08 2.993579802316314264e+00 -1.438348987105599053e-01 -6.907919695720031450e-02 1.954915787219402637e-02 1.962898734801996059e-02 1.932200848525298525e-02
8.561951219512195587e+08 3.003647390618650270e+00 -1.195088884739528012e-01 -6.713655854542814605e-02 2.069495308563223598e-02 2.084752101770849173e-02 2.000909943665402438e-02
8.571986062717770338e+08 3.020514220898437685e+00 -1.201529683049992331e-01 -3.339656347953139093e-02 1.940426216490856448e-02 2.051564675467146617e-02 1.981311935270915064e-02
8.582020905923345089e+08 3.010518486122408355e+00 -1.239899396297613893e-01 -1.250398275245922022e-02 2.048540038680380856e-02 2.169290784283770673e-02 2.071391494306024442e-02
8.592055749128919840e+08 3.028772816413212166e+00 -1.382019753099756332e-01 -1.876773146879064449e-02 1.977668365783501886e-02 2.085886048199905862e-02 2.167477713309541934e-02
8.602090592334494591e+08 3.012223658328320841e+00 -1.361716289983109507e-01 -1.415648933683040858e-03 1.908055367549502460e-02 1.993161646799180772e-02 1.894877110650565813e-02
8.612125435540069342e+08 3.006677165007638486e+00 -1.180381109221479985e-01 -2.845306103302697523e-02 2.052447082977904014e-02 1.841034554293745004e-02 2.033725175636245247e-02
8.622160278745644093e+08 2.969049192590034192e+00 -1.252007941451472040e-01 -4.161683641006696729e-03 2.111685228589805716e-02 1.986304368885753388e-02 2.088812553081429921e-02
8.632195121951220036e+08 2.969069731530936007e+00 -1.432365385103606115e-01 3.241338200342860909e-02 1.863945262221614399e-02 1.892705055652620441e-02 1.927156079738927275e-02
8.642229965156794786e+08 3.001781455015266165e+00 -1.236396928126482775e-01 4.065352136984561049e-02 2.007654388372633394e-02 2.071860921603903630e-02 1.846478861411681924e-02
8.652264808362369537e+08 2.988721486493268298e+00 -1.383776177323080558e-01 -8.280878137239613968e-04 1.869806176340721784e-02 2.098956809234575616e-02 2.239631387383341637e-02
8.662299651567944288e+08 2.964278404390063404e+00 -1.320920835300062879e-01 3.740578676867820085e-02 1.885668685788678342e-02 1.984958531245643171e-02 1.887949253211997774e-02
8.672334494773519039e+08 2.996865782711563231e+00 -1.091150052360553291e-01 6.339665343560563215e-02 2.037284183092710754e-02 2.013693901643611242e-02 2.071321949363302134e-02
8.682369337979093790e+08 3.013331249162970238e+00 -1.104546166117626321e-01 2.380859766425663313e-02 1.883747189837788050e-02 2.131440400111575539e-02 1.965010574993049028e-02
8.692404181184668541e+08 2.972323142780633809e+00 -1.067038689048351863e-01 3.691267100936871520e-02 2.016681643071754557e-02 1.961368445021880597e-02 1.980648585126955005e-02
8.702439024390244484e+08 2.979927758063888099e+00 -9.909854674914804484e-02 5.250691961889177028e-02 1.833937102066661787e-02 2.156115761241392259e-02 2.103295363078789074e-02
8.712473867595819235e+08 2.994740721163660080e+00 -1.159227142560141088e-01 5.923055398300618168e-02 2.004669907476898383e-02 2.099247517156104664e-02 2.063209963016425508e-02
8.722508710801393986e+08 3.027075932514255996e+00 -1.377452173657738865e-01 6.011185317240843456e-02 1.998308097322912952e-02 1.973312755540840291e-02 1.882080205702744632e-02
8.732543554006968737e+08 2.978014921686380934e+00 -4.901831359876063915e-02 1.011225634978498988e-01 1.863345731162542943e-02 1.994796776743215649e-02 1.899758948678674855e-02
8.742578397212543488e+08 3.006699834529153570e+00 -8.195771524308204103e-02 9.131348265519602381e-02 2.136483668960328236e-02 2.008023004074685133e-02 1.986475381318488984e-02
8.752613240418118238e+08 2.976712152858949523e+00 -8.793452809440709117e-02 1.040394813737137714e-01 1.986236036313250922e-02 1.987258592035345828e-02 2.002163284094185883e-02
8.762648083623692989e+08 2.985294788607141037e+00 -9.652771921694809631e-02 1.295069367525058246e-01 1.905063942441033095e-02 1.951131587539521942e-02 1.940570919640406330e-02
8.772682926829268932e+08 2.985967533278807373e+00 -7.446220172277692728e-02 6.972609808265144149e-02 2.036505796937283785e-02 1.947537222389287420e-02 1.964789831383196086e-02
8.782717770034843683e+08 2.991653879650407077e+00 -6.240515321266695836e-02 1.171983365126315346e-02 1.914424187394544660e-02 1.997671598341475840e-02 2.007401841618202537e-02
8.792752613240418434e+08 2.990979981039717295e+00 -2.806917312443456963e-02 4.953040442669350008e-02 2.135292275700704373e-02 2.063536645227181249e-02 2.045176530787685618e-02
8.802787456445993185e+08 2.988602484919069102e+00 -1.081191388996956965e-02 8.516527544497608238e-02 1.977694990687073329e-02 2.045835212855920751e-02 1.866694883419232204e-02
8.812822299651567936e+08 3.035131353574164859e+00 -5.702438879240524783e-02 7.110532747575359913e-02 1.969990313837658574e-02 1.905406705796329481e-02 1.929757726612833096e-02
8.822857142857142687e+08 3.007700724375087287e+00 -6.302111230640158879e-02 1.006922191164144886e-01 2.114288387369184924e-02 2.067755152226922327e-02 2.048265506541787143e-02
8.832891986062717438e+08 3.032023423491596148e+00 -2.068428021919498094e-02 9.050020058983046511e-02 2.060313239437927199e-02 1.998858629719231159e-02 1.951335785197619299e-02
8.842926829268292189e+08 3.010417572081731219e+00 -5.729229918666520205e-02 5.347552116331162619e-02 2.057848667756331101e-02 2.019203633766092007e-02 1.739999749830033887e-02
8.852961672473866940e+08 3.012093921530023977e+00 -4.299414895231821326e-02 6.455817695930937683e-02 1.864594422151798908e-02 2.142247180593480349e-02 2.024212961084707191e-02
8.862996515679442883e+08 3.020008384351664521e+00 -3.026502865577447576e-02 7.546145820340949273e-02 2.153067297101245170e-02 2.028893682544513286e-02 2.080119582021535199e-02
8.873031358885017633e+08 3.030272841668618877e+00 -3.347156698947163084e-02 8.739037889246473179e-02 1.954733032468231740e-02 2.090153950367849151e-02 2.101771557299182691e-02
8.883066202090592384e+08 2.973525060744218074e+00 1.004728548834564472e-02 2.744065487093885064e-02 1.953043636887686132e-02 2.057944033069785544e-02 2.133463105321820041e-02
8.893101045296167135e+08 2.998337527728797802e+00 -2.369210251957586111e-02 4.150221266924129793e-02 1.978264595064164327e-02 2.047983748168811721e-02 2.064382737135252166e-02
8.903135888501741886e+08 3.012405742745591031e+00 6.506699749068880177e-03 2.718830315429355410e-02 1.964425569993527923e-02 2.071038376887677362e-02 2.077463915544000214e-02
8.913170731707316637e+08 2.997635388654047883e+00 -7.304015993217137515e-02 6.053693295774279642e-02 1.978921515617620627e-02 1.836843533502039577e-02 2.059053882587275758e-02
8.923205574912891388e+08 3.001443513183175593e+00 -2.401640195460655672e-02 3.268390367109819117e-02 1.979113897319645377e-02 1.950412370371276335e-02 1.998931297978051233e-02
8.933240418118467331e+08 2.980271208948335193e+00 1.378951139111241758e-02 8.015579133224337571e-02 2.078956729822823910e-02 2.015656138034105024e-02 2.180848267125469475e-02
8.943275261324042082e+08 3.036369325163752464e+00 4.089509355633588750e-02 4.699819007455198483e-02 1.979803929754236219e-02 2.125662357035938005e-02 2.195309976048043232e-02
8.953310104529616833e+08 2.980618222509461290e+00 2.749136738447450871e-04 3.973024439639886302e-02 1.987646469080316461e-02 2.070971064862036845e-02 1.942465996546667920e-02
8.963344947735191584e+08 2.960669970948179852e+00 -3.031915246960436086e-02 1.707087059214013047e-02 2.063377032972137093e-02 1.931222062973454029e-02 1.916554148482119135e-02
8.973379790940766335e+08 2.980623998255086615e+00 -1.799336982991829592e-02 7.611533299701175870e-02 2.111642301421890258e-02 1.809394377865046130e-02 1.985304570171099112e-02
8.983414634146341085e+08 2.967734604597415338e+00 1.352136724707657042e-03 6.381125301279967632e-03 1.967708587342927029e-02 2.032326519233623383e-02 1.873092762460204855e-02
8.993449477351915836e+08 3.019371914011948821e+00 2.026331809628381664e-02 1.308215437025997407e-02 1.945683740630656591e-02 1.955495425475200014e-02 2.270155231598296533e-02
9.003484320557491779e+08 3.003993973877655321e+00 1.400682289742738104e-02 4.258508091640331866e-02 2.116081962703345726e-02 2.112496449506888821e-02 1.945702962764410751e-02
9.013519163763066530e+08 2.978205304156962718e+00 1.389961203607751987e-02 -1.550259044429899008e-03 1.996120691810227346e-02 1.976799964504328752e-02 1.930778887619060205e-02
9.023554006968641281e+08 3.012570909489391990e+00 -1.977311126713797093e-02 6.420772633926267320e-03 2.095769297284153648e-02 2.193282452689913203e-02 2.202042511199970784e-02
9.033588850174216032e+08 3.007005967101724853e+00 -2.190983403830040754e-02 7.990514184690992311e-03 1.957351516318657156e-02 1.880205833286716435e-02 1.917831112962393655e-02
9.043623693379790783e+08 2.990790296574186602e+00 -1.931574549563256152e-02 1.168984209773728938e-02 1.898920906527369959e-02 1.897589841010265815e-02 2.095087382819275229e-02
9.053658536585365534e+08 2.969191877768933452e+00 -5.668728906209465068e-02 -2.390063494383885823e-02 2.184131170611080738e-02 2.014639026456641058e-02 2.080007545978719910e-02
9.063693379790940285e+08 3.017053446559809782e+00 -3.722463625869647241e-02 -1.759813692065450436e-02 2.017054356411897287e-02 2.080232798719812773e-02 2.279906208453890901e-02
9.073728222996516228e+08 3.004204312165271951e+00 -4.090529589446483677e-03 1.316209907269326462e-02 1.915820885478829172e-02 2.030101943588502947e-02 1.926298842753618179e-02
9.083763066202090979e+08 2.983400083021702898e+00 -3.336161792055190867e-02 2.556845237266637538e-02 1.912939038860009267e-02 1.712887160615324950e-02 1.995434405645061388e-02
9.093797909407665730e+08 2.985335149111964181e+00 -5.307715191465153109e-02 3.689115812332682820e-02 1.797165690566185359e-02 2.054022354379722581e-02 1.826954513001469507e-02
9.103832752613240480e+08 2.980244759845692926e+00 -4.095278187435169581e-02 2.304325465724846658e-02 1.962645392407439543e-02 1.986552931972451405e-02 1.876467462657046767e-02
9.113867595818815231e+08 3.029634346528127686e+00 -6.787746406911827901e-02 4.593770234557040255e-02 2.057659538654543416e-02 2.043817874081055308e-02 2.086225493227222144e-02
9.123902439024389982e+08 2.987543501554044578e+00 -5.298010330295171294e-02 -8.677606932963970870e-03 1.935468796636765493e-02 2.015751872940270764e-02 2.042469136441322705e-02
9.133937282229964733e+08 2.997035530670740133e+00 -7.789443540139413813e-02 -1.265202533028328413e-02 1.859328898780360576e-02 2.066886960510598906e-02 2.070170658431957911e-02
9.143972125435540676e+08 2.997010737890857701e+00 -8.692590829085387882e-02 7.863829207672977037e-03 2.160481968264154826e-02 2.006814432669374801e-02 1.948837298895872081e-02
9.154006968641115427e+08 3.029351002830503070e+00 -4.017896612489386954e-02 4.418345336204736185e-02 1.898531742901769792e-02 1.914375099773724456e-02 2.041436083457667805e-02
9.164041811846690178e+08 2.970520021913632291e+00 -1.079459632726673390e-01 1.499332737715067601e-02 2.113524593745863892e-02 2.144208220353399294e-02 2.041606126318062236e-02
9.174076655052264929e+08 2.998756207678775265e+00 -6.396521252038753214e-02 4.485241014586296288e-02 1.965228621839639270e-02 2.012676808475864082e-02 2.105158151542869602e-02
9.184111498257839680e+08 2.982328523092216965e+00 -9.177262074769464151e-02 2.214243272033297391e-02 2.032239084995719411e-02 2.067039005502353463e-02 1.969103246004848956e-02
9.194146341463414431e+08 2.986650741288969790e+00 -6.674174299532847909e-02 4.299941920626131064e-02 2.207806972983429247e-02 1.996668227963852710e-02 2.075687214917362397e-02
9.204181184668989182e+08 3.026185054573723665e+00 -1.175890598677916399e-01 5.895771994676075878e-02 2.093962979618365153e-02 2.131612167858803683e-02 2.064009228552347863e-02
9.214216027874563932e+08 3.038558869313611410e+00 -9.401778751206119056e-02 3.274077162104705591e-02 1.955491442859829537e-02 2.001768897328319585e-02 1.801959089843337830e-02
9.224250871080138683e+08 2.985938991561886358e+00 -6.687340641554541387e-02 6.753656442661316872e-02 2.178546344491300371e-02 1.995122472218875675e-02 2.035311022478691889e-02
9.234285714285714626e+08 3.005033552212557524e+00 -8.092154474075011206e-02 6.050437839464703482e-02 2.022739363690004288e-02 2.122147470932278165e-02 2.066796741399005294e-02
9.244320557491289377e+08 3.030448519154649745e+00 -9.562844345202192731e-02 5.369092325743175798e-02 2.125044543244239068e-02 1.814961693843490653e-02 1.844505373957263869e-02
9.254355400696864128e+08 2.982472535739424391e+00 -1.142262400021932800e-01 6.920769819254206368e-02 2.141342227656272898e-02 2.123458304003508421e-02 1.959932547058317043e-02
9.264390243902438879e+08 3.015145045260401613e+00 -5.143751621030488719e-02 7.667326051000795950e-02 1.874318606380634758e-02 2.135856555862479522e-02 1.994685068640827605e-02
9.274425087108013630e+08 2.990890986155196885e+00 -7.143407647944162442e-02 1.032823132839343072e-01 1.962314931009537938e-02 1.995019821290309678e-02 1.955225583768192138e-02
9.284459930313588381e+08 2.981066273417659840e+00 -9.197823236574938222e-02 9.860568760755351880e-02 1.995523454708011610e-02 1.989967902068530761e-02 2.259418650668306230e-02
9.294494773519163132e+08 2.986777508800636305e+00 -4.199564209745386412e-02 1.265007371416570769e-01 2.159799087510845192e-02 2.082146271704755913e-02 2.031516185851821310e-02
9.304529616724739075e+08 2.989974175025162051e+00 -7.949491125558971749e-02 1.299997729596464313e-01 1.938609857636310399e-02 2.008724912934374204e-02 1.814722283677095219e-02
9.314564459930313826e+08 2.980671026428312942e+00 -1.101973986450313081e-01 1.221508479232595867e-01 2.070509052716865833e-02 1.941577269490108240e-02 2.046913908515958155e-02
9.324599303135888577e+08 3.012942444201452297e+00 -7.509589890367691922e-02 1.005299138022892891e-01 2.137489781698829680e-02 1.970860709959888421e-02 2.165951663970834551e-02
9.334634146341463327e+08 3.002153149081901784e+00 -1.183161942096635222e-01 1.488778949981400812e-01 1.966073673082392725e-02 2.081873733876253921e-02 1.906309611106794463e-02
9.344668989547038078e+08 2.983137754051435664e+00 -1.033378822105129186e-01 1.624344618115169392e-01 2.043554621938943258e-02 2.070949151265439464e-02 1.797465076623134053e-02
9.354703832752612829e+08 2.987048654463175357e+00 -7.660147007959239307e-02 1.681671237480123204e-01 1.955438118118424037e-02 2.016599059445333547e-02 1.782805202162232594e-02
9.364738675958187580e+08 2.989448051127568728e+00 -8.410544551525418744e-02 1.707196851057724840e-01 1.922077053555652781e-02 1.966821260226441284e-02 2.097099297541730328e-02
9.374773519163763523e+08 2.989408128203344894e+00 -8.103523376660133615e-02 1.289772910486349511e-01 2.113742027306532087e-02 1.965050952439281740e-02 1.985271815195637987e-02
9.384808362369338274e+08 2.994983770630017972e+00 -3.661752602900545522e-02 1.419391553082777757e-01 2.024229655026171110e-02 1.914156824064078624e-02 2.022713003588560293e-02
9.394843205574913025e+08 3.004272302186810517e+00 -6.819008224490286096e-02 1.428574597466147067e-01 2.006747656489006257e-02 2.245925715309360707e-02 2.037574782163410758e-02
9.404878048780487776e+08 2.979951452403166723e+00 -4.839758386044202415e-02 2.096912907058073594e-01 1.955724157249303513e-02 2.149909117002585940e-02 2.037320392713981923e-02
9.414912891986062527e+08 2.982997735797765504e+00 -1.253734141020153292e-02 1.250460011924775794e-01 2.037524044689532909e-02 2.006317249220951685e-02 2.136731976568297456e-02
9.424947735191637278e+08 2.963110595738186248e+00 -1.711336815647246726e-02 1.786220300325432886e-01 2.126715191646029804e-02 2.045853938112127124e-02 2.010376286869277121e-02
9.434982578397212029e+08 3.030671459348715846e+00 -4.016143126935625002e-02 1.873883375135200202e-01 1.974053243832451371e-02 1.895857436966182086e-02 1.949049803811767068e-02
9.445017421602787971e+08 3.003367145327284771e+00 -2.056793168970223393e-02 2.132363246440160676e-01 2.131443988508661264e-02 1.970000397326922281e-02 1.786588181266298911e-02
9.455052264808362722e+08 2.993608711882764339e+00 -1.773148751606345649e-02 1.753959828138239863e-01 1.849189216219667559e-02 1.886396221496108513e-02 2.127762603137769992e-02
9.465087108013937473e+08 3.006910648077543158e+00 2.130177549405200960e-02 1.700058691342349604e-01 1.819979361580052052e-02 2.093001608964081828e-02 1.912133871874598448e-02
9.475121951219512224e+08 3.014353491451263078e+00 -6.831309158399022016e-03 1.941447400138239243e-01 1.898543355327264939e-02 2.040385556137219031e-02 2.027940905062308383e-02
9.485156794425086975e+08 3.012329426825302470e+00 1.631498386498703851e-02 2.312164568010522669e-01 1.978374494429210526e-02 2.111984259949316323e-02 1.991020145946431272e-02
9.495191637630661726e+08 3.004127856903429539e+00 1.032046747985487095e-02 1.985517843191939302e-01 1.832457815072930860e-02 1.937235736459846924e-02 1.934317673184118846e-02
9.505226480836236477e+08 3.006699644658017867e+00 2.905525471476591223e-02 1.737298711921865246e-01 1.899579694266670046e-02 1.957596828662075059e-02 1.997737430916114720e-02
9.515261324041812420e+08 2.974469979174352741e+00 8.163512881082649053e-03 1.933245801162596367e-01 1.871865810696407562e-02 1.966365048394001780e-02 1.826389710334738389e-02
9.525296167247387171e+08 2.971123617272970474e+00 1.124781225352727149e-01 2.006246247069593536e-01 2.132558039437083483e-02 1.971264658447310220e-02 1.869158088407173179e-02
9.535331010452961922e+08 3.026992872936251633e+00 6.609001221495700018e-02 1.930006631051978117e-01 1.959710303205512705e-02 2.218193760454366045e-02 1.945185204267788071e-02
9.545365853658536673e+08 2.983799513695803540e+00 4.437748490575400134e-02 1.764742060999794082e-01 2.062333943580734602e-02 2.038949348453190577e-02 1.848616558673476032e-02
9.555400696864111423e+08 2.989663607900125974e+00 7.732063020762856842e-02 2.085429714517804400e-01 1.900403275062613820e-02 2.113023570571461243e-02 1.918863838558881527e-02
9.565435540069686174e+08 2.975609207330291106e+00 1.222495323314228000e-01 2.048094727599913678e-01 2.072478933567286838e-02 1.949370622871257619e-02 1.950710433343258096e-02
9.575470383275260925e+08 3.018406555817754189e+00 9.809689048236364117e-02 1.783293205339021303e-01 1.992165617775628478e-02 1.963462872637447565e-02 1.955814346522044209e-02
9.585505226480836868e+08 2.960340092041771509e+00 1.231040100178404789e-01 1.529912137574979125e-01 1.924770794080166506e-02 2.158145324317937985e-02 1.920062959426702479e-02
9.595540069686410427e+08 3.020210106116632875e+00 1.577861413679279567e-01 1.798318017081918796e-01 1.925449656765786111e-02 1.985712636323708549e-02 2.070725462640039122e-02
9.605574912891986370e+08 3.003124058299268651e+00 1.170004533840098421e-01 1.881571906896334079e-01 1.947050572695032192e-02 2.007262382389907174e-02 2.136580474991895198e-02
9.615609756097561121e+08 2.982711495877995223e+00 1.304889095082985562e-01 1.927753472798791612e-01 1.960383658861248810e-02 2.077079397441941241e-02 1.768262911179685135e-02
9.625644599303135872e+08 3.006053100872077444e+00 1.745029482528345222e-01 2.253508308636266444e-01 1.919111210240107696e-02 2.071334535064155505e-02 1.912757401279983199e-02
9.635679442508710623e+08 3.004794681577215076e+00 1.613114140347166048e-01 1.513805961621058349e-01 1.888417719250875398e-02 1.740504832761757131e-02 2.024909841030880092e-02
9.645714285714285374e+08 3.021150326085388471e+00 1.868544478459830682e-01 1.582593347240575932e-01 2.045195770479208905e-02 2.025842763331072577e-02 1.987973077345761910e-02
9.655749128919861317e+08 2.962667508611892320e+00 1.807550418878702547e-01 1.268398478245800209e-01 1.894352815194921130e-02 2.230397151414875365e-02 2.216918388102514723e-02
9.665783972125434875e+08 2.990212275481785920e+00 1.786356839217087822e-01 1.419604506848760883e-01 2.031345862401503014e-02 1.960698816445246087e-02 2.017270020142428524e-02
9.675818815331010818e+08 3.001179938346315801e+00 1.945544791949405661e-01 1.510376791154762199e-01 1.885304972427550088e-02 2.011213794460608301e-02 2.187937380927898467e-02
9.685853658536585569e+08 2.985014220523052764e+00 1.908029769510780904e-01 1.320741305802822785e-01 1.933178160360386061e-02 1.978636600858921235e-02 1.958193389441546806e-02
9.695888501742160320e+08 2.984041696605904015e+00 1.806760789142833612e-01 1.239752237406878399e-01 2.004277123896095608e-02 1.901297939817299387e-02 2.117735711553584560e-02
9.705923344947735071e+08 3.014533141057067045e+00 2.316164956941164921e-01 1.140957209079533907e-01 2.069988331634857459e-02 1.939054977356773068e-02 1.899948776158029429e-02
9.715958188153309822e+08 2.972733917354266175e+00 2.204964325681694759e-01 1.298037929316370187e-01 1.992707138667910646e-02 1.791118849965948889e-02 1.916537354193647083e-02
9.725993031358884573e+08 3.006612799297649463e+00 2.099037202425770854e-01 6.402866447364323477e-02 1.933935533267742632e-02 1.875302379314403717e-02 2.069200896021195987e-02
9.736027874564459324e+08 2.945889718233919208e+00 2.351074159240043593e-01 6.830253883496371914e-02 2.019117167194878909e-02 1.940604092683746729e-02 2.085449895114128288e-02
9.746062717770035267e+08 2.988759013719669344e+00 1.754875430841271178e-01 6.746904406188090897e-02 2.087363400225967017e-02 1.992637721852828087e-02 1.926197583438730293e-02
9.756097560975610018e+08 2.999747149659077738e+00 2.288049562186319774e-01 3.969778214435810970e-02 2.009141465604073751e-02 2.007744736136434296e-02 2.110037158686798101e-02
9.766132404181184769e+08 3.001615022464126259e+00 2.317222085692709488e-01 4.457275568315006986e-02 1.971944109923491617e-02 2.036061966291434489e-02 1.967540773965633510e-02
9.776167247386759520e+08 3.003702706109408815e+00 2.322736425599790377e-01 1.701863305138168192e-02 1.736230500290169079e-02 2.046984391868544861e-02 1.863201813254278943e-02
9.786202090592334270e+08 3.009934847201301000e+00 2.380992782127135388e-01 4.583012554106985492e-02 1.950449241239978967e-02 1.998060747648566435e-02 2.077199244897030839e-02
9.796236933797909021e+08 3.030664933567242425e+00 2.586690151332733389e-01 2.165928857538305594e-02 2.169078861870415292e-02 2.106459560156600033e-02 1.772505682534554483e-02
9.806271777003483772e+08 3.025451185469851811e+00 2.193972905310271060e-01 -1.074974763644940406e-02 1.929515729363693796e-02 2.115209172032159191e-02 1.917532907301216713e-02
9.816306620209059715e+08 3.025078928806943956e+00 2.336049920269942515e-01 8.134585672735970829e-03 2.184165947936786423e-02 1.999091738006359906e-02 1.790984119128759613e-02
9.826341463414634466e+08 2.979553066197316635e+00 2.494586010250932906e-01 -4.400891781156709287e-02 1.811226643393850852e-02 1.966605187461423904e-02 1.855873441719108757e-02
9.836376306620209217e+08 2.998986089149707546e+00 2.295199433902467279e-01 -7.604115820621951127e-02 1.896694844842859023e-02 1.988373292138221476e-02 1.863526475267882065e-02
9.846411149825783968e+08 3.009940709555576799e+00 2.396864121931861491e-01 -3.957531914973426435e-02 2.139362691049014747e-02 1.676842536968989328e-02 2.274121582953624043e-02
9.856445993031358719e+08 3.002611978222259115e+00 2.113373870845420832e-01 -3.225573346837708882e-02 1.999406873807630866e-02 1.984377951250169969e-02 1.885936496432499485e-02
9.866480836236933470e+08 2.994728474420851327e+00 2.500985479854461735e-01 -4.489700719797128786e-02 2.015094841709315701e-02 1.966764686839220580e-02 2.018953680164390502e-02
9.876515679442508221e+08 3.027653793512481872e+00 2.575619935015514006e-01 -1.219018589892678223e-01 1.847036042410125228e-02 2.043079368416638245e-02 1.956994871315424073e-02
9.886550522648084164e+08 2.944702321476757145e+00 2.400421260387841926e-01 -1.051337594484488269e-01 2.154794650656849733e-02 2.045955910193722818e-02 1.994017727840032006e-02
9.896585365853658915e+08 2.979655170966523769e+00 2.147383364718021825e-01 -1.108244787444172541e-01 1.926680453085239525e-02 1.882654443606520886e-02 2.143793398840874304e-02
9.906620209059233665e+08 2.985366721814649349e+00 2.033320653942440048e-01 -1.145147867917746115e-01 1.920545418447045308e-02 1.970650487295028466e-02 1.976123978320222865e-02
9.916655052264808416e+08 3.023183020467770099e+00 1.843864761368413929e-01 -1.217696038334173669e-01 2.172018755710334800e-02 2.142278742140960035e-02 2.203882292527115441e-02
9.926689895470383167e+08 2.984140358682794592e+00 1.833101058566749542e-01 -1.707770489306316974e-01 2.070761603945715790e-02 1.962359447034188117e-02 2.099714599853791039e-02
9.936724738675957918e+08 2.999854872314796861e+00 2.115107918675149801e-01 -1.585472929716614243e-01 1.890750613639160735e-02 1.857335629987819786e-02 2.101560111230567005e-02
9.946759581881532669e+08 3.002272691132203963e+00 1.770789416877817379e-01 -1.568641724119073377e-01 2.129774539273262060e-02 1.857056332758719175e-02 2.032684297286018599e-02
9.956794425087108612e+08 3.001097761698024780e+00 1.733823633657227692e-01 -1.885732264620846865e-01 2.061512115821917054e-02 1.814255568059055385e-02 2.002920901705167178e-02
9.966829268292682171e+08 2.980623046884262273e+00 1.528169984917085999e-01 -2.299010374836441828e-01 2.002274010071173130e-02 1.954899355980683692e-02 2.014610110386938838e-02
9.976864111498258114e+08 3.003435647395610975e+00 1.487816801465064176e-01 -2.254143226772168662e-01 2.105749248939566692e-02 1.865718030852285547e-02 1.932469678508639058e-02
9.986898954703832865e+08 3.012150175869532376e+00 1.494318307487390307e-01 -2.013181377900732649e-01 2.127485750993919969e-02 2.023321243299001926e-02 2.106763084315499759e-02
9.996933797909407616e+08 3.017426107698039761e+00 9.553192774972264767e-02 -1.972661380368116446e-01 2.112754714287933683e-02 1.931942988889714594e-02 1.786387975356046320e-02
1.000696864111498237e+09 2.997165658670122745e+00 1.324545502911890216e-01 -2.409176357834859894e-01 1.976685723407065054e-02 1.999181991839130840e-02 2.073387881524551418e-02
1.001700348432055712e+09 2.976342559001383226e+00 7.287677127082986539e-02 -2.252093127676853268e-01 2.022798822569263355e-02 2.089233853478490374e-02 2.037285988551796115e-02
1.002703832752613306e+09 3.037106973640210761e+00 1.161076476566016286e-01 -2.464529078893847869e-01 2.099406859566909506e-02 2.021881864510160359e-02 2.102844470624045878e-02
1.003707317073170662e+09 2.984526486737306250e+00 9.842126270438106284e-02 -2.504420292942838855e-01 2.011125702055300765e-02 1.924100149235616342e-02 2.084667697869786035e-02
1.004710801393728256e+09 2.982059345955112573e+00 3.707218677273750596e-02 -2.774183980840854158e-01 2.285379901838823641e-02 1.836414547374824735e-02 2.243134617347482956e-02
1.005714285714285731e+09 2.991106698480044290e+00 2.515102114864962990e-02 -3.194835537271413783e-01 1.843384697387569562e-02 2.068519211519235373e-02 1.956620087943681391e-02
1.006717770034843206e+09 3.004476372773723813e+00 3.645663549635198841e-02 -2.322148187567437128e-01 1.833098862661157111e-02 1.856253446577277658e-02 1.984365641937000171e-02
1.007721254355400681e+09 2.992681639179603614e+00 1.202997357313042442e-02 -3.112101338544933093e-01 2.200460207623873218e-02 2.113045643701135304e-02 2.054688785471668264e-02
1.008724738675958157e+09 3.018481605189846206e+00 -1.312386857653526431e-02 -2.742911747007046319e-01 2.162078521794788891e-02 2.085504656430628087e-02 2.067407392373732389e-02
1.009728222996515632e+09 3.005700682085123088e+00 1.448586773460030716e-02 -2.779969815111732467e-01 2.112893052779146047e-02 2.115152820841259551e-02 2.189058910226525032e-02
1.010731707317073107e+09 3.020311506643945432e+00 -3.440043624099592412e-02 -2.851744528384753119e-01 1.962512916174377620e-02 1.955814063995900756e-02 1.988502978232870380e-02
1.011735191637630701e+09 2.986906828016647086e+00 2.864092301057205581e-04 -3.009153696823225754e-01 1.960018135715279122e-02 1.930157548581443866e-02 2.132988950530006686e-02
1.012738675958188176e+09 2.966486353648478236e+00 -5.544215089476384889e-02 -3.301811778494544991e-01 1.889490896963666455e-02 2.085592531994855808e-02 1.889144573891078996e-02
1.013742160278745651e+09 2.994558010540380621e+00 -6.117430185411980997e-02 -2.542683128730408582e-01 2.163562522104754346e-02 1.850144776159991233e-02 1.996365014630036017e-02
1.014745644599303126e+09 3.013412420038377615e+00 -3.811026780342290782e-02 -3.275743995444557188e-01 2.072482178062309832e-02 2.170908756848355381e-02 2.079700500860433982e-02
1.015749128919860601e+09 3.001502741781379768e+00 -9.921229798163247460e-02 -3.061868779843233135e-01 2.024980871694219420e-02 2.035875490458836576e-02 2.050824401756570770e-02
1.016752613240418077e+09 3.004748620223924860e+00 -8.527587828402288794e-02 -2.973194839625806773e-01 2.047237020535832078e-02 2.031330207032354049e-02 2.142036998952362783e-02
1.017756097560975552e+09 2.955553176050643049e+00 -1.125475107390123131e-01 -2.632216283123949840e-01 2.018911059255344698e-02 1.982777083975293536e-02 2.024380762831090932e-02
1.018759581881533146e+09 3.028917712074048918e+00 -1.093110091266465272e-01 -3.146035269467205575e-01 2.007897411350087133e-02 2.091881153438098981e-02 2.088811738554745279e-02
1.019763066202090621e+09 2.996883370311086203e+00 -1.337239810421738673e-01 -3.139317826917261134e-01 1.978964118985826470e-02 1.999904648571296933e-02 1.997527717174842066e-02
1.020766550522648096e+09 2.960106459949339630e+00 -1.431121689579866740e-01 -3.132307623304139699e-01 2.092661656037739237e-02 1.972895574760679879e-02 1.840698706577796259e-02
1.021770034843205571e+09 2.988863839607778239e+00 -1.720789553229249702e-01 -2.697657115256389959e-01 2.016058470524008384e-02 1.885045214958317242e-02 1.896483721809492234e-02
1.022773519163763046e+09 2.987167703356122139e+00 -1.790998470334355663e-01 -2.967461680503103438e-01 2.174018263172334056e-02 2.031927054231982138e-02 2.053119681798317234e-02
1.023777003484320521e+09 2.993233881503484017e+00 -2.177963176390258770e-01 -2.563121047602531233e-01 1.922334819583144255e-02 1.916697474603827611e-02 2.056221027049893665e-02
1.024780487804877996e+09 3.005845580134486994e+00 -2.340452689962429500e-01 -2.556124621949259490e-01 1.938272788228238841e-02 2.156001284086643544e-02 2.006300899095448884e-02
1.025783972125435591e+09 3.036748956650108688e+00 -2.590066744695007639e-01 -2.692153887322395467e-01 1.907769520261197102e-02 1.939031137458636922e-02 2.036850792937424520e-02
1.026787456445993066e+09 3.025908497798839747e+00 -2.925877975904373485e-01 -2.272418573758077653e-01 2.158865673202032404e-02 1.936544989748967965e-02 1.865491608945062454e-02
1.027790940766550541e+09 2.998463676245598730e+00 -2.795897332171871641e-01 -2.358364992593504628e-01 1.949235699142678677e-02 1.984240889052869133e-02 2.003956477356548180e-02
1.028794425087108016e+09 3.016402270833605126e+00 -2.569085515267053310e-01 -2.558398105540232725e-01 2.056686478240860733e-02 1.960486709905383262e-02 2.017160759028505113e-02
1.029797909407665491e+09 3.005511052027229013e+00 -2.986255677517153373e-01 -2.327554808491538452e-01 1.875931331702685931e-02 1.806237415338051572e-02 2.035979800893400818e-02
1.030801393728222966e+09 3.025223831287905618e+00 -2.926121338599664834e-01 -2.084916343633225477e-01 1.996826892093345532e-02 2.026566203290237553e-02 1.966822802106764703e-02
1.031804878048780441e+09 2.991539280407606860e+00 -2.916852852738980317e-01 -1.511895050470860868e-01 1.931157782035717446e-02 2.037622936705255419e-02 1.972743892309131511e-02
1.032808362369338036e+09 3.017137382963253067e+00 -3.242131358798390206e-01 -1.657106875184372607e-01 1.976803393275065532e-02 2.004566360269385838e-02 2.070792417374398703e-02
1.033811846689895511e+09 3.043607704103439726e+00 -3.560160197912877744e-01 -1.881376504929512250e-01 2.027411148834237786e-02 1.949890773258177931e-02 2.200573430987295617e-02
1.034815331010452986e+09 2.994262833471619256e+00 -3.683825273587583715e-01 -1.855215425895263004e-01 2.125688541270865164e-02 1.922636361058726109e-02 2.189586322228876877e-02
1.035818815331010461e+09 3.037302713426111911e+00 -3.643527721387688212e-01 -1.503724901693235250e-01 1.835135530137936219e-02 2.084793811326446714e-02 1.973979796119400970e-02
1.036822299651567936e+09 3.035096886437282926e+00 -3.546618392332450131e-01 -1.778105815293824221e-01 1.938865419233644014e-02 2.001331131624412701e-02 1.973455113384869203e-02
1.037825783972125411e+09 2.982402673781784141e+00 -3.933798762648064717e-01 -1.205186672793643332e-01 2.088745932133340491e-02 2.047466691199661959e-02 2.024863791197809709e-02
1.038829268292682886e+09 2.972209604249833159e+00 -3.813660858462663561e-01 -1.484718360903917733e-01 2.143116297053381664e-02 1.926803129243843948e-02 1.996940894936460875e-02
1.039832752613240480e+09 2.983866860790049813e+00 -3.790241984119142038e-01 -1.147931781470971496e-01 2.017457766123535029e-02 2.046713464706126362e-02 1.907786517285186764e-02
1.040836236933797836e+09 2.964492904758297964e+00 -4.172489053830825134e-01 -1.078511243133029596e-01 2.000870920984065479e-02 1.819277216726045490e-02 2.185269552304085899e-02
1.041839721254355431e+09 2.989372408352349186e+00 -4.196536860156288018e-01 -4.435867039059761263e-02 2.032135884608890150e-02 2.053819582027247015e-02 2.001167893420568653e-02
1.042843205574912906e+09 2.986646348128612960e+00 -4.307389786172411972e-01 -4.192114329713952925e-02 2.074489898583114014e-02 2.027113275442447501e-02 2.087302492947613192e-02
1.043846689895470381e+09 2.979146473358610159e+00 -4.420083627840499241e-01 -1.522459377116235427e-02 1.871997136646081153e-02 2.004564978510720366e-02 1.936515134796357521e-02
1.044850174216027856e+09 3.007398015196343977e+00 -3.953511389947941823e-01 -1.614385743942134063e-02 1.822787640468994871e-02 2.119852276021811158e-02 1.945573983213234534e-02
1.045853658536585331e+09 3.023682610970299667e+00 -4.119306053363522291e-01 1.576208888085677690e-02 2.103746824404667190e-02 1.998219501897063183e-02 2.036093420419563677e-02
1.046857142857142925e+09 3.027646699319802348e+00 -4.699116175341442880e-01 -1.115883312013055129e-02 2.080476243776197345e-02 1.961269804777157622e-02 2.103893469978313988e-02
1.047860627177700281e+09 3.003710350277182251e+00 -4.066145169409596805e-01 2.893824039648897409e-02 1.856901442386528836e-02 1.957762892612183517e-02 2.166947028241856046e-02
1.048864111498257875e+09 2.977369963639793671e+00 -4.535489433699637085e-01 6.503028298751917236e-02 1.814191270617005955e-02 2.136710120780216729e-02 2.001207570540529390e-02
1.049867595818815351e+09 3.006982898809664739e+00 -4.645475339044689012e-01 5.668037660942461253e-02 1.918640418986674798e-02 1.792924238344259860e-02 2.034183326727036223e-02
1.050871080139372826e+09 3.003983885722200320e+00 -4.313029327487265530e-01 1.319305849510982176e-01 1.963475630057632398e-02 2.076997863489920756e-02 1.860310371306054394e-02
1.051874564459930301e+09 3.012492816073595758e+00 -3.959992307553941715e-01 1.189695750331106194e-01 1.829390484534513389e-02 2.099473734281503620e-02 2.104659888068953488e-02
1.052878048780487776e+09 2.994835788233647822e+00 -4.254279066466749581e-01 1.010491010738866630e-01 2.044610727319311552e-02 1.933901749995342589e-02 2.145190766945300961e-02
1.053881533101045251e+09 2.989723318196842339e+00 -4.476110138774546110e-01 1.401839386373819329e-01 2.007501699173945553e-02 1.929107165772405222e-02 2.012170576404569838e-02
1.054885017421602726e+09 2.976809410624702945e+00 -4.231053781209605513e-01 1.317898038727374210e-01 2.033087495076289081e-02 1.890190188561226628e-02 1.796610206397558987e-02
1.055888501742160320e+09 3.008847394727278690e+00 -4.358276804793545511e-01 1.715138092446543139e-01 2.052060450774701242e-02 2.163368332844099046e-02 2.019599659328337807e-02
1.056891986062717795e+09 3.007017511685856181e+00 -4.300755166107403937e-01 1.881573135110068962e-01 2.118662461239197506e-02 2.050147114055806893e-02 1.974166092643151599e-02
1.057895470383275270e+09 3.027884210729370640e+00 -4.661064733634929791e-01 1.958569231750812989e-01 2.050246667467316500e-02 2.192590988776914676e-02 2.112969536172523699e-02
1.058898954703832746e+09 2.986762325370361015e+00 -4.841053293653491130e-01 1.917152354391538360e-01 1.997212200231297113e-02 1.924026506432640130e-02 1.940490700002765051e-02
1.059902439024390221e+09 2.994255584543095150e+00 -4.072257594522328827e-01 2.157916393272502342e-01 1.880518655919985113e-02 2.011444889765451674e-02 2.051339655524840253e-02
1.060905923344947696e+09 3.044887008628132108e+00 -4.281146259783649710e-01 2.709158149705795937e-01 2.003563095341880443e-02 1.980269325157064941e-02 2.055534034670776153e-02
1.061909407665505171e+09 3.026620421352584689e+00 -4.259520331002456528e-01 2.752681855733289940e-01 2.071998902633090042e-02 2.101389203374221318e-02 2.127102920016601950e-02
1.062912891986062765e+09 2.990483582221114212e+00 -4.155992388844984009e-01 2.586852959543036734e-01 1.956020352729303385e-02 2.055346870386198788e-02 1.809896073028566602e-02
1.063916376306620240e+09 3.002867995280612767e+00 -4.175159300967752340e-01 3.221217106584913781e-01 1.935000038805650621e-02 2.030349674309044408e-02 2.045158438903787665e-02
1.064919860627177715e+09 3.000819853779746804e+00 -4.064999195790042763e-01 3.178212065356483818e-01 2.036363835291227567e-02 1.808279510137759255e-02 2.121221930276155979e-02
1.065923344947735190e+09 3.001592948203489986e+00 -4.006770585779635963e-01 3.434325335446287153e-01 2.014193362351523325e-02 1.838623903156747993e-02 1.918618495268168897e-02
1.066926829268292665e+09 2.986899114467431726e+00 -3.956691804217590258e-01 3.278028404866666357e-01 2.089429110113791982e-02 2.018893168941861271e-02 2.132593729977978400e-02
1.067930313588850141e+09 3.025065131940771312e+00 -3.502629876225816785e-01 3.703315031370996158e-01 2.087365260859598559e-02 1.934942553526502670e-02 1.871914076915249733e-02
1.068933797909407616e+09 3.034459057015545635e+00 -3.757206485695264164e-01 3.307973336790494545e-01 1.873288378168950358e-02 2.040151794231140348e-02 1.836977059323949280e-02
1.069937282229965210e+09 3.027363983280584314e+00 -3.145141273355142597e-01 3.809276991942884827e-01 2.053882689334129985e-02 2.101218295142541492e-02 1.909512588969616495e-02
1.070940766550522566e+09 2.958719290605872576e+00 -3.404093507921392980e-01 3.953036076124509801e-01 1.889994555401388818e-02 1.995896937194854143e-02 1.698175749699468162e-02
1.071944250871080160e+09 3.008100544166389056e+00 -2.992754348867465719e-01 4.652818596115501082e-01 2.091572073315570851e-02 2.016182876586799025e-02 1.982144013754823242e-02
1.072947735191637635e+09 2.992119518138288914e+00 -3.039632275342079026e-01 4.209927280443302444e-01 1.934352180195810303e-02 1.755721622911748242e-02 2.035263264161463539e-02
1.073951219512195110e+09 3.007335693601661752e+00 -2.818071150544413372e-01 4.078631429419207755e-01 2.141045753476728680e-02 2.048744608199315129e-02 2.003673397019457500e-02
1.074954703832752705e+09 2.983580133325021144e+00 -2.871963049119470868e-01 4.483340976263486821e-01 1.976101478458327718e-02 1.963442110818030412e-02 1.944055451366848500e-02
1.075958188153310061e+09 2.986056837073982617e+00 -2.176480816021203191e-01 4.443114135117005592e-01 1.938147086233584643e-02 1.896342724401759577e-02 2.026872638350397937e-02
1.076961672473867655e+09 3.024347474567163907e+00 -2.284715602833010673e-01 4.771425855393542914e-01 1.965397645239659596e-02 1.827754776503343406e-02 1.865923643675381632e-02
1.077965156794425011e+09 2.981287766989417332e+00 -2.412291714494059769e-01 4.419207390510397349e-01 1.926211026478515456e-02 1.803033329124258816e-02 2.130315197970784544e-02
1.078968641114982605e+09 2.982770171434686812e+00 -2.718274582381575155e-01 4.682726445660769787e-01 1.990973056515659562e-02 2.113571846870340373e-02 1.949193362865841994e-02
1.079972125435540199e+09 2.971185169866940257e+00 -2.104493866507648747e-01 4.857990412634908828e-01 2.063407126105993791e-02 1.995560321499738679e-02 2.034657105737364829e-02
1.080975609756097555e+09 2.983310811579876543e+00 -2.048195048506625260e-01 5.053154862509702250e-01 2.033359665591334339e-02 1.950246594287576365e-02 1.885016624112085051e-02
1.081979094076654911e+09 2.999326761524051310e+00 -1.569488021160345692e-01 4.956013716782164402e-01 1.936203515431945271e-02 2.091343092760738695e-02 2.093311521122832516e-02
1.082982578397212505e+09 2.975820380982880042e+00 -1.488269938853567231e-01 4.806882196276511254e-01 1.973205515116760456e-02 1.951534738632491189e-02 2.085683197230162045e-02
1.083986062717770100e+09 3.016017999046110898e+00 -1.173123887251135006e-01 5.261242905166679806e-01 2.110054476037175747e-02 1.815917076780354175e-02 2.109780032506752487e-02
1.084989547038327456e+09 2.988114884624040624e+00 -1.193475170547266678e-01 5.310990572689794353e-01 2.131513850924035558e-02 1.817061490688827441e-02 2.070965332761672689e-02
1.085993031358885050e+09 2.976371275538066463e+00 -1.183927109478952189e-01 5.234415206021232336e-01 1.770750849927433049e-02 2.079170637732829369e-02 1.947366164414707917e-02
1.086996515679442406e+09 2.980268451630386561e+00 -1.143264481305906188e-01 5.758786106674952388e-01 1.988976600916705917e-02 2.130872316075360304e-02 1.855343337596240469e-02
1.088000000000000000e+09 2.983600939772135696e+00 -8.495719075980819046e-02 5.470532464796729055e-01 1.899709850258540431e-02 2.004305817445390173e-02 1.945749358182714481e-02
