8.000000000000000000e+08 1.976689000085038339e+00 1.269785751797088968e-01 5.484655035933119760e-02 1.869160760565329038e-02 2.093285072093320487e-02 1.833978570879982867e-02
8.010034843205574751e+08 2.022259621367919369e+00 1.387813884192763969e-01 9.316910187296301160e-02 1.967007213230998267e-02 1.976417778438582448e-02 2.149691438283782285e-02
8.020069686411149502e+08 2.009082666654562033e+00 1.844987815527641128e-01 7.527537100559125727e-02 1.974754485964505882e-02 2.015825210076818350e-02 1.962652659100191238e-02
8.030104529616724253e+08 1.993978558418931346e+00 1.465030514598323896e-01 3.990815275628031844e-02 2.160674268668402384e-02 1.884416512301077817e-02 2.016890376468975093e-02
8.040139372822300196e+08 2.000254703699291259e+00 1.673373214641607487e-01 3.555293090908255571e-02 1.967030105135407839e-02 1.942328037659419096e-02 1.993978241335738963e-02
8.050174216027874947e+08 2.021789721881839696e+00 1.696600593342044161e-01 3.991911951214102000e-02 1.912229916550297823e-02 1.914928002575074992e-02 2.094021217360856474e-02
8.060209059233449697e+08 2.010206141882330932e+00 1.320446138037884298e-01 7.193827649489534237e-02 2.122888332743489911e-02 2.040026064328967492e-02 1.811319451228662544e-02
8.070243902439024448e+08 1.978152115237572950e+00 1.805253528677984720e-01 1.365144665618862885e-02 2.091612131945238748e-02 2.004101904975844756e-02 1.901919090940267648e-02
8.080278745644599199e+08 1.980316051622263762e+00 1.388133197427291465e-01 3.841933957536550204e-02 2.123775514128549771e-02 2.035791567081649683e-02 1.966552426043524301e-02
8.090313588850173950e+08 1.977604524091353788e+00 2.006808066125458090e-01 3.436745728497149488e-02 1.892900387694996384e-02 1.845061764918262681e-02 1.871405634274970683e-02
8.100348432055748701e+08 2.007283594860982845e+00 1.431023533403433801e-01 -2.413179108427964889e-02 2.019884366683508820e-02 1.895319875353437128e-02 1.680989505880267285e-02
8.110383275261323452e+08 2.053710711739268113e+00 1.634284338007482296e-01 2.219200633424990576e-03 1.961762791192433672e-02 1.962055773265228287e-02 1.997672284968349601e-02
8.120418118466899395e+08 1.985339637468496177e+00 1.766943295760199928e-01 1.259903745721631559e-02 2.129268043729856674e-02 2.051955007866426706e-02 2.074888882813253135e-02
8.130452961672474146e+08 2.013972793143668838e+00 1.724427314958712210e-01 1.738083079921079119e-02 1.936735924624260335e-02 1.874033681952773714e-02 2.070100583060272004e-02
8.140487804878048897e+08 2.035905432956003125e+00 1.824613616237651115e-01 -4.730695917285795971e-03 2.094824909259365361e-02 2.081031574732916667e-02 2.102929016804587492e-02
8.150522648083623648e+08 1.997524940000924731e+00 2.017438051577196412e-01 -3.731471654173420388e-04 2.026355839259572772e-02 2.022806172267495664e-02 1.891972410852056294e-02
8.160557491289198399e+08 1.990962466305000733e+00 2.197533331450550187e-01 2.337082289371058066e-02 1.995313410443756361e-02 2.015610796891261630e-02 2.049544487567242154e-02
8.170592334494773149e+08 2.003173891910016380e+00 1.611850499840209450e-01 5.775779135987549329e-03 1.932448594549093790e-02 2.037985221055159391e-02 2.043590778236251126e-02
8.180627177700347900e+08 1.987500610801353318e+00 1.690546163625902543e-01 -4.411077314835856397e-03 2.035028978856520329e-02 2.057322224694754439e-02 1.906854089113036582e-02
8.190662020905923843e+08 2.003630854212366863e+00 1.714425417847276478e-01 -3.046553533044379924e-02 2.014030452655425976e-02 1.879486342382869282e-02 2.168526120006117330e-02
8.200696864111498594e+08 2.007607519126443751e+00 1.390283711582348536e-01 -2.149670029105828217e-02 1.891354726750327231e-02 2.164009394858006433e-02 2.050768945852529668e-02
8.210731707317073345e+08 2.029282604194036388e+00 1.598535413244014380e-01 -6.408632887363943653e-04 1.901855443767710985e-02 2.107388079578357415e-02 1.914293125502033663e-02
8.220766550522648096e+08 1.973277140199194202e+00 1.583342738658864990e-01 -5.685746940079114409e-02 1.999724084202371063e-02 1.832633139215870954e-02 2.132249354427377674e-02
8.230801393728222847e+08 2.003568651407496404e+00 2.020495357854331375e-01 -8.613737496527065773e-02 1.986603639164443921e-02 1.983113545512056944e-02 1.919347595900901607e-02
8.240836236933797598e+08 1.997755902758256541e+00 2.398804280272603118e-01 -7.628990741438040901e-02 2.014413371924553275e-02 2.122824718964347671e-02 2.136831677032609983e-02
8.250871080139372349e+08 2.003273567591008053e+00 1.827570832479194773e-01 -7.170198607225992948e-02 1.893613006815846045e-02 2.050317447296185619e-02 1.949646034307066234e-02
8.260905923344948292e+08 1.991409410902540866e+00 2.142751696081986457e-01 -7.533287274969803493e-02 1.884292442757024358e-02 1.961405794056828022e-02 1.998617494529074390e-02
8.270940766550523043e+08 1.977267373122610694e+00 1.661690487938999594e-01 -6.773966020063107440e-02 2.082514508339198059e-02 1.937745880846581878e-02 1.986429300946832011e-02
8.280975609756097794e+08 1.983909162381004343e+00 1.611976616364074744e-01 -1.056163937372189832e-01 1.950095284184832564e-02 2.065149097120236657e-02 1.921433387270400986e-02
8.291010452961672544e+08 2.010087260909244833e+00 1.941418343373365885e-01 -7.595357205030010828e-02 2.060123660343354465e-02 1.867379795758159974e-02 2.098779499973029566e-02
8.301045296167247295e+08 2.037144411281846867e+00 1.824571515286926293e-01 -8.785582659368573744e-02 2.003759515140062994e-02 1.939137568160226657e-02 2.264327581980079065e-02
8.311080139372822046e+08 1.987535506051730350e+00 1.766764016042751129e-01 -9.644173312220881422e-02 2.111528755742507479e-02 1.954195632629778662e-02 1.925815180253212869e-02
8.321114982578396797e+08 2.014441711429385329e+00 1.786625026367922586e-01 -9.595061582527941724e-02 2.054505046343789443e-02 1.732645256537998502e-02 2.023432784915962443e-02
8.331149825783971548e+08 2.003139735826277246e+00 2.195701100063323086e-01 -1.051080146145776939e-01 1.785406976976449192e-02 1.962715384973262936e-02 2.119901201610777455e-02
8.341184668989547491e+08 1.992237153724212950e+00 1.608820834080959827e-01 -1.222513808708270561e-01 2.047919408355495380e-02 1.955099508978763723e-02 2.163926084279161124e-02
8.351219512195122242e+08 2.006272545617955316e+00 2.031598432602738924e-01 -1.294370976227062209e-01 1.977849082370747649e-02 2.324743676797368791e-02 2.022772071431988908e-02
8.361254355400696993e+08 2.012366076330248887e+00 1.644864445226790761e-01 -1.011437364134672723e-01 1.959310897263485604e-02 2.003668571904272666e-02 1.932817852912412440e-02
8.371289198606271744e+08 1.987029058924343783e+00 1.743576981434384332e-01 -1.303583618005165756e-01 1.988489366616150861e-02 1.972378208741061220e-02 1.957357316308168740e-02
8.381324041811846495e+08 1.981588354991543621e+00 1.627008837058580848e-01 -1.502289655216438036e-01 1.850747013488838327e-02 1.944126492405933576e-02 1.897310761291957915e-02
8.391358885017421246e+08 1.976101296065172708e+00 1.505076340622704123e-01 -1.361826436176364341e-01 2.100556409552678874e-02 2.045737144603523849e-02 2.029777050584080644e-02
8.401393728222995996e+08 1.981360080250316402e+00 1.481995933585376624e-01 -1.714719861739801843e-01 2.006840479492339249e-02 1.938191357750028432e-02 1.880435290785500979e-02
8.411428571428571939e+08 2.008594345146055282e+00 1.558100940176999349e-01 -1.888762814231446652e-01 1.897178948787514585e-02 2.052108767911902526e-02 1.949677328421088943e-02
8.421463414634146690e+08 1.960621253999696112e+00 1.520178809417377652e-01 -1.623962673499780573e-01 2.220819801021317250e-02 1.951692010210165709e-02 2.012000964346367590e-02
8.431498257839721441e+08 2.006346943506445601e+00 1.505624031390066786e-01 -1.717960176806229422e-01 2.037028760042555731e-02 2.076994712291773890e-02 2.049850646593755557e-02
8.441533101045296192e+08 2.025427881614000114e+00 1.360990605639613993e-01 -2.223895966969230420e-01 2.061230296431546677e-02 2.031841312550900294e-02 2.011213392725716073e-02
8.451567944250870943e+08 2.017892079671239181e+00 1.333901284950231303e-01 -2.066074548534192756e-01 1.848113955224372357e-02 1.831593997562209683e-02 1.949703528320183288e-02
8.461602787456445694e+08 1.992009092770403278e+00 1.260774623742731138e-01 -2.038645172168760400e-01 2.094063581586069409e-02 2.233396858955032441e-02 1.921440595889973776e-02
8.471637630662020445e+08 2.007692938740434752e+00 1.478493288941938322e-01 -1.287017113627706155e-01 1.911997219370846490e-02 1.862338015507098571e-02 2.135310763044861310e-02
8.481672473867595196e+08 1.976405726679348218e+00 1.276315356809148427e-01 -2.009589183435752380e-01 1.933112349597489524e-02 1.844393103074849077e-02 2.011414945980808180e-02
8.491707317073171139e+08 2.015419143619503473e+00 1.143052022129576184e-01 -2.266219803042777148e-01 2.056226473216413164e-02 2.047190589374338343e-02 1.909128228088361259e-02
8.501742160278745890e+08 2.021198626801790521e+00 1.071124263509456165e-01 -2.409263010580594555e-01 2.149939531096191001e-02 1.920133935072671980e-02 1.855848768169446328e-02
8.511777003484320641e+08 2.005998507453821134e+00 1.219428167854999800e-01 -2.309425503085539844e-01 2.112715618466000367e-02 1.996813812801631616e-02 2.087240874732854481e-02
8.521811846689895391e+08 2.015044527806290287e+00 1.003034443928533387e-01 -2.144515168120754711e-01 1.754940443309129308e-02 2.061567668456628505e-02 2.132455046063520473e-02
8.531846689895470142e+08 2.000655389695804143e+00 8.615623604998449980e-02 -1.771304887817186091e-01 2.147873037483761724e-02 1.918312421713833094e-02 2.064997883778044163e-02
8.541881533101044893e+08 1.996224837232337013e+00 8.733610280041938234e-02 -2.803450554417554197e-01 1.909570056301008317e-02 1.977292140848669472e-02 2.185934425786394131e-02
8.551916376306619644e+08 2.016628377955380191e+00 8.215675267972637197e-02 -2.126147753503347115e-01 1.953533683192997319e-02 1.959814671788971674e-02 1.795006834474330293e-02
8.561951219512195587e+08 1.979418134611097058e+00 5.869002625850142096e-02 -2.606641942809005963e-01 2.090876683447329132e-02 2.014335472053595255e-02 1.888487243015738240e-02
8.571986062717770338e+08 2.031248452323333620e+00 8.392356170757372946e-02 -2.457319436233713905e-01 1.950091655364068546e-02 1.919067383796260393e-02 2.234029989410304604e-02
8.582020905923345089e+08 2.015520397899400074e+00 7.024995897707025927e-02 -2.525820519073574411e-01 1.826837262976534204e-02 1.826732828465379641e-02 1.710518295565322325e-02
8.592055749128919840e+08 1.983403286924991793e+00 6.949045110070085907e-02 -2.176039880703361518e-01 2.098597509938685685e-02 2.089643276807557140e-02 1.981741304572081502e-02
8.602090592334494591e+08 1.959140171003349584e+00 9.158542462246782589e-02 -2.459428871849839993e-01 2.049816350681180066e-02 2.048163792408833755e-02 1.998692872638584833e-02
8.612125435540069342e+08 2.016164196253031005e+00 7.712936603484164821e-02 -2.776928529991356531e-01 1.910852725145680345e-02 2.004384148864801762e-02 1.981500795911071700e-02
8.622160278745644093e+08 1.991113996824774857e+00 2.215228816149399094e-02 -2.930180379699596216e-01 1.813988817535257259e-02 1.968228009036384132e-02 2.115771548739578747e-02
8.632195121951220036e+08 1.997111872169431868e+00 2.061918931077790298e-02 -2.818969309780661736e-01 1.864734259609016412e-02 2.099160422360813252e-02 2.152335575041788851e-02
8.642229965156794786e+08 2.008646682386376892e+00 -1.405663557635256772e-02 -2.732287440781692167e-01 2.005650152272476713e-02 2.041577136156184913e-02 1.972953867714095574e-02
8.652264808362369537e+08 1.995832923254309721e+00 1.769794224163472041e-02 -2.854303254802668111e-01 1.961455173005993008e-02 1.947245586908329107e-02 2.075617261586231582e-02
8.662299651567944288e+08 1.980021896574577056e+00 -7.450736327136636694e-03 -2.818769903571789470e-01 1.899971085528158465e-02 1.878763269697844226e-02 1.963117351795761953e-02
8.672334494773519039e+08 1.992849049763504743e+00 3.807822209205409536e-02 -2.635476206126063925e-01 1.943991706662873825e-02 2.206994944533448647e-02 1.714363893988860368e-02
8.682369337979093790e+08 2.021563498085207300e+00 1.881496273937805636e-02 -2.943853125525998649e-01 2.162883827263895054e-02 2.054895861280541663e-02 2.025443217814658359e-02
8.692404181184668541e+08 2.002934304106925634e+00 -1.826413205177882665e-02 -3.089673436599007506e-01 1.921268960517561256e-02 1.978639876092520497e-02 1.897588396012651543e-02
8.702439024390244484e+08 2.001652520451231876e+00 1.667130713088404298e-02 -3.005855085443509545e-01 1.980379253741071724e-02 1.831368587700824349e-02 1.971844736300357517e-02
8.712473867595819235e+08 2.015115771584857107e+00 -4.129470676713466182e-02 -3.051933303974012079e-01 1.943290832587693875e-02 1.871893869734804830e-02 2.105602100543622901e-02
8.722508710801393986e+08 1.996068365228960584e+00 -7.515291293080500479e-02 -2.964122557802584823e-01 1.990742649928553196e-02 2.046406013057390852e-02 2.020874135273513506e-02
8.732543554006968737e+08 1.999487788331777871e+00 -3.233237028752500297e-02 -3.141805151404615248e-01 2.081544576505414690e-02 1.907487823066094865e-02 1.917062676664477508e-02
8.742578397212543488e+08 1.979915469924067750e+00 -1.168415612429438144e-02 -3.035465739520096795e-01 1.982771343383588417e-02 1.936607238028389619e-02 1.974862781455476168e-02
8.752613240418118238e+08 2.009523543118599598e+00 -4.907928041461168123e-02 -2.729277842517601749e-01 1.921662005516654170e-02 2.091845895292936824e-02 2.067605107900017877e-02
8.762648083623692989e+08 2.028758465801551392e+00 -2.156091959546101861e-02 -2.882170109857332130e-01 1.840983523427380114e-02 1.908150574655107651e-02 1.957718733551132642e-02
8.772682926829268932e+08 1.998553819151463795e+00 -8.299854888360200245e-02 -3.133870934393497287e-01 2.039510157508437477e-02 1.942830140261916569e-02 2.041546905617197191e-02
8.782717770034843683e+08 1.984151268085528663e+00 -5.628334975333248308e-02 -3.143686617365221703e-01 1.985649882585159218e-02 1.917083167947408739e-02 1.930213929521658670e-02
8.792752613240418434e+08 1.991994271008771689e+00 -4.696072781397850338e-02 -2.818367610487823027e-01 2.024689778751974020e-02 1.893913206078386494e-02 2.117803768668176032e-02
8.802787456445993185e+08 2.016110622357395243e+00 -7.319865803043029695e-02 -2.732676742190280339e-01 1.999639900228534009e-02 1.940181604625611581e-02 1.861727764289025297e-02
8.812822299651567936e+08 2.034520035439151719e+00 -7.484127404787721538e-02 -3.573860153158014974e-01 2.080995341697822187e-02 2.016344674495448158e-02 2.077220032580631703e-02
8.822857142857142687e+08 2.026957885477848276e+00 -1.153931066478020850e-01 -2.858808332874749891e-01 2.019928461458504396e-02 1.920716828312425337e-02 1.867334066469773443e-02
8.832891986062717438e+08 1.977534799244965225e+00 -9.889477419682167481e-02 -2.995244949887379549e-01 1.890675190146713300e-02 1.994559527912623600e-02 1.978184736176710062e-02
8.842926829268292189e+08 2.009438218277643795e+00 -1.185049019653463959e-01 -3.458977623784896260e-01 1.933962754940010340e-02 2.089157003668700233e-02 1.882744793855896728e-02
8.852961672473866940e+08 1.967069829010340554e+00 -1.197903650792520869e-01 -3.085151273618231826e-01 1.696689217536211450e-02 2.115170515403809112e-02 1.995326890753590723e-02
8.862996515679442883e+08 2.026589281937505316e+00 -1.002346763041060407e-01 -3.036899128478736665e-01 1.936546309076497482e-02 1.841885408444834948e-02 1.862680222904944741e-02
8.873031358885017633e+08 1.983790033598141100e+00 -9.029049909417828645e-02 -3.129137058970450358e-01 1.942707672603289151e-02 1.991729708474262311e-02 2.024770629242161196e-02
8.883066202090592384e+08 1.980924518815439406e+00 -1.674013911985166581e-01 -3.275060318930979042e-01 2.017808638812864167e-02 2.133110014700210361e-02 1.882287051489812957e-02
8.893101045296167135e+08 1.990984929734063602e+00 -1.380733053912739372e-01 -2.912259433577769618e-01 2.175780762505472726e-02 2.039224532427890563e-02 1.927722439817661226e-02
8.903135888501741886e+08 1.981910595032579936e+00 -1.736031381054521372e-01 -2.805474938388482498e-01 1.942669495251688958e-02 1.908195869824602653e-02 1.934095511248016055e-02
8.913170731707316637e+08 1.986913786200424470e+00 -1.608147656547891935e-01 -2.803154031700599291e-01 1.997456003335886660e-02 1.907968564592718574e-02 2.034927399438231713e-02
8.923205574912891388e+08 2.010273028751031976e+00 -1.779606218373368520e-01 -2.784533445654976402e-01 1.923792661019614256e-02 1.954676000561654525e-02 2.048725819449067828e-02
8.933240418118467331e+08 1.994033024181340430e+00 -1.791595496205413696e-01 -2.962214891734448741e-01 1.949899090543247976e-02 2.048339772276949397e-02 2.048053882594199834e-02
8.943275261324042082e+08 1.951842279186468909e+00 -2.069701805399534744e-01 -2.789175547896494689e-01 2.083165620226511833e-02 1.932992507514016620e-02 2.077799908776445728e-02
8.953310104529616833e+08 1.996992145450284362e+00 -1.775614306122099140e-01 -3.400961767089789589e-01 2.029880145846443482e-02 2.008181009517506430e-02 1.823470779546979351e-02
8.963344947735191584e+08 2.000158001915046224e+00 -1.917434130170437845e-01 -3.270325382749845744e-01 1.844457605853708909e-02 2.038952592892494947e-02 1.933086967468835432e-02
8.973379790940766335e+08 1.990757654127685017e+00 -2.040169642777731329e-01 -3.022701383019325561e-01 2.103026251676479511e-02 2.036088984980149313e-02 2.139555589900518640e-02
8.983414634146341085e+08 2.029693884178318974e+00 -2.271575157894021868e-01 -2.413852365347496642e-01 1.840740024001989369e-02 1.875335697112810035e-02 2.120985152348616593e-02
8.993449477351915836e+08 1.993785638368470448e+00 -2.384274326914929965e-01 -2.999979262183630202e-01 1.965398935650162354e-02 2.002095279207324538e-02 2.233958376054340569e-02
9.003484320557491779e+08 2.010041585975544720e+00 -2.694010931923000451e-01 -2.382083584059321857e-01 1.912255955792192819e-02 2.097322449106463205e-02 2.078598097341450429e-02
9.013519163763066530e+08 1.983968573242616884e+00 -2.423776812892053378e-01 -2.633116519047258852e-01 2.020754403797031182e-02 2.071857878814907170e-02 2.126451310472488032e-02
9.023554006968641281e+08 1.996402225649229534e+00 -2.780365558850391716e-01 -2.609084392304898969e-01 2.114365170537598967e-02 1.930626713158683019e-02 1.893019206011236147e-02
9.033588850174216032e+08 2.002033229616690502e+00 -2.561917259256345503e-01 -2.883594784462890637e-01 2.037043402788124916e-02 2.103634949736445450e-02 1.895062069240041613e-02
9.043623693379790783e+08 1.997357216358539356e+00 -2.554927872734875649e-01 -2.742511316030653568e-01 2.036984780929173774e-02 2.083607646050755074e-02 1.981866599356596134e-02
9.053658536585365534e+08 1.990068712477070845e+00 -2.987994961381600367e-01 -2.515153628686596088e-01 1.906408343591095220e-02 1.999101797510052445e-02 2.080019781448042351e-02
9.063693379790940285e+08 2.025488534916212391e+00 -2.825931784316875750e-01 -2.595125784537405944e-01 2.016807181979851996e-02 1.933705187009911869e-02 1.973872210780524411e-02
9.073728222996516228e+08 2.065772449945507905e+00 -3.003606198351987389e-01 -2.541210067267729578e-01 1.929757556291053500e-02 2.046913232306898922e-02 1.881636322736865430e-02
9.083763066202090979e+08 1.989226036940979991e+00 -3.183688392925962396e-01 -2.502401852880495325e-01 1.988020991089478953e-02 1.994217250458756030e-02 2.005212718072754696e-02
9.093797909407665730e+08 1.987559893822756329e+00 -3.488375893430900598e-01 -2.441366298478712948e-01 2.030496486670926512e-02 1.822195611800103351e-02 1.822215075465136516e-02
9.103832752613240480e+08 2.008294930648222287e+00 -3.232983638140895510e-01 -2.286246993564250152e-01 1.994655008902933291e-02 1.912493103489993837e-02 1.980149109165664847e-02
9.113867595818815231e+08 2.006440307591204508e+00 -3.215700610529373948e-01 -2.432977720447805359e-01 1.744513316619036164e-02 2.139114166666235273e-02 2.008333760242865182e-02
9.123902439024389982e+08 2.009392994582861025e+00 -3.445065976426550658e-01 -2.313909787129621587e-01 2.221049863263576882e-02 1.986372676863710704e-02 1.749644433041188871e-02
9.133937282229964733e+08 1.970436441498080615e+00 -3.181690574297836305e-01 -2.231269513345494615e-01 2.016594690107699830e-02 2.114535428342986106e-02 2.024889725818895467e-02
9.143972125435540676e+08 1.966084531518800027e+00 -3.645854559656280247e-01 -2.165824647392336211e-01 1.929522673822749515e-02 1.975699099774590878e-02 1.955603765914409181e-02
9.154006968641115427e+08 2.007065927637866398e+00 -3.292677042774306839e-01 -2.524362565092942434e-01 1.943152043072296151e-02 1.937050480631517108e-02 1.965680910139744678e-02
9.164041811846690178e+08 1.994223537403712276e+00 -3.973368576211231962e-01 -2.180016773276367559e-01 2.165223621656228031e-02 1.901520124034371956e-02 2.105390938684742128e-02
9.174076655052264929e+08 1.993449990909335945e+00 -3.628614274101432113e-01 -2.136223917629806179e-01 2.150809761804446316e-02 1.871173656540557617e-02 2.044111664414583959e-02
9.184111498257839680e+08 1.976527036041070051e+00 -3.462653062634629131e-01 -2.141427599564166839e-01 2.015828731331289342e-02 1.865053763258402511e-02 2.080957081493669397e-02
9.194146341463414431e+08 1.995258573845297256e+00 -3.811785857562163815e-01 -2.019137046812828074e-01 1.915054358646956986e-02 1.925281176415813075e-02 2.210977558016467490e-02
9.204181184668989182e+08 2.001494087137499100e+00 -3.581329063242915112e-01 -1.800146164232399593e-01 2.132752812904886372e-02 2.070163743262482328e-02 1.896515459305443338e-02
9.214216027874563932e+08 2.044684131131085714e+00 -4.284576250852171753e-01 -1.968465330268216185e-01 2.030755988341080565e-02 1.835694824229977193e-02 2.009270164705302675e-02
9.224250871080138683e+08 1.997377488331786521e+00 -3.995841442185276704e-01 -2.086488033629299854e-01 2.155158231818072104e-02 2.017308705399209479e-02 2.051894344624708572e-02
9.234285714285714626e+08 2.006551141055611609e+00 -4.062162188962613607e-01 -1.653434819971625336e-01 2.105224640740456510e-02 2.060790979815457086e-02 1.917420291021369738e-02
9.244320557491289377e+08 1.992778864149172824e+00 -3.985378058173423832e-01 -1.684289322998775151e-01 2.119814304643688821e-02 2.123657218977497221e-02 1.949509097087120599e-02
9.254355400696864128e+08 2.004245283999896099e+00 -4.149327865095745471e-01 -1.147783005702540382e-01 1.937828607985259827e-02 1.946575757034738757e-02 1.996547944174104430e-02
9.264390243902438879e+08 2.009407394042521222e+00 -3.945170630482141561e-01 -1.865185621185831144e-01 1.837075887394480633e-02 2.084457521989580009e-02 2.022751747580710593e-02
9.274425087108013630e+08 1.977599645527158945e+00 -4.448880836769048552e-01 -1.492855816760161602e-01 2.026906084585404846e-02 1.965457966383188371e-02 2.101565167547400290e-02
9.284459930313588381e+08 2.003955284158475791e+00 -4.043597004298734032e-01 -1.519945116300989718e-01 2.057388972416224898e-02 1.929303534521166139e-02 1.963186388609854810e-02
9.294494773519163132e+08 2.009452399534901179e+00 -4.320181062408616213e-01 -1.285518475576604147e-01 2.044440098900409189e-02 1.873804905138038226e-02 2.139749073391084347e-02
9.304529616724739075e+08 1.975637185126540629e+00 -4.609537385852176539e-01 -1.149524277734800815e-01 2.003236165781788550e-02 1.939936062064282971e-02 2.067947042876567415e-02
9.314564459930313826e+08 2.005596496860276634e+00 -4.520914091250970990e-01 -1.043268363736237353e-01 1.902147186863629644e-02 2.058848039814011044e-02 1.993736010812465279e-02
9.324599303135888577e+08 2.014572076670846812e+00 -4.763362242111242040e-01 -9.825881052986940034e-02 2.000968064341597866e-02 1.915250867139121557e-02 1.985112983111046725e-02
9.334634146341463327e+08 2.002432057581210234e+00 -4.108661847399780465e-01 -9.969327555512121075e-02 2.173139873505039454e-02 1.936153028295614295e-02 1.892328573467444777e-02
9.344668989547038078e+08 2.003265462077531200e+00 -4.488262991535458268e-01 -1.358379866450369899e-01 2.097086839749359374e-02 1.967819894049604654e-02 1.935538649943491576e-02
9.354703832752612829e+08 2.030610970309258523e+00 -4.695734212531861296e-01 -1.373303835965633546e-01 2.081966588858506426e-02 2.079245316978456729e-02 1.990006805475594276e-02
9.364738675958187580e+08 2.006116136765914160e+00 -4.228162431631082296e-01 -8.988433079878505039e-02 2.262337211416519042e-02 1.894779831587375951e-02 2.108312037445331591e-02
9.374773519163763523e+08 1.987199773842473371e+00 -4.181661139302783048e-01 -9.045586818440240484e-02 1.990068937207968916e-02 2.179115871796739531e-02 2.072228191024256053e-02
9.384808362369338274e+08 1.974961218094746451e+00 -4.358609424589477976e-01 -4.208524469326492545e-02 2.118291088499873673e-02 2.002022372443590034e-02 1.980993248576176299e-02
9.394843205574913025e+08 1.960996484336844814e+00 -4.883926710651258496e-01 -1.054641071903388294e-01 2.031623268663076617e-02 1.936882268798460066e-02 2.023232798021835921e-02
9.404878048780487776e+08 1.973324018547613967e+00 -4.792041461064443508e-01 -4.567977671019130687e-02 1.994819206692120123e-02 1.848360076828319681e-02 1.956149410378064252e-02
9.414912891986062527e+08 2.008534247196206213e+00 -4.931738959612420037e-01 -1.888020043284869068e-02 1.887017118907781052e-02 2.027651785742486806e-02 1.984500556567427715e-02
9.424947735191637278e+08 2.017064025075144151e+00 -4.688145007817740018e-01 -6.682334419209719212e-02 1.800172766269593841e-02 2.125168712365202439e-02 2.106196107729462960e-02
9.434982578397212029e+08 1.996775294863115002e+00 -4.771771729069680945e-01 -2.234518125286670542e-02 1.816151327665244813e-02 1.976777283035350413e-02 1.978364105808302215e-02
9.445017421602787971e+08 1.975898537471862282e+00 -5.152365189431610260e-01 -3.075624496517678080e-02 2.068792110878128754e-02 1.981428706573129528e-02 1.908095633497722265e-02
9.455052264808362722e+08 1.996840957579742337e+00 -5.032581624476881732e-01 8.558946683055922156e-03 2.012043933307134172e-02 2.053873595902002899e-02 1.895440809992297859e-02
9.465087108013937473e+08 1.970061851198780412e+00 -4.959139421840565443e-01 -2.286933719304100679e-02 2.023256779401903446e-02 1.978040435466675573e-02 1.908762323032792488e-02
9.475121951219512224e+08 2.017423343967622351e+00 -5.120642671130880563e-01 1.147140865819151409e-02 2.031294288214689422e-02 2.021746795252613721e-02 2.160072412340493034e-02
9.485156794425086975e+08 2.000821536230625863e+00 -4.885461239893095775e-01 3.091796149807320843e-02 1.998356409427179056e-02 1.950333324985422181e-02 2.035617444794327047e-02
9.495191637630661726e+08 2.021543403184968835e+00 -5.007289248781057189e-01 2.872474618196504612e-02 1.877587857502609203e-02 2.044749824438118341e-02 1.913189704435312374e-02
9.505226480836236477e+08 2.052545370796235780e+00 -4.925232457462875302e-01 4.546426892015410781e-02 1.908424361189808155e-02 1.967564981574005875e-02 1.963321507096248489e-02
9.515261324041812420e+08 1.949421473963392604e+00 -4.888091516275220871e-01 7.302337623679469591e-02 1.940884144720282992e-02 2.132873288413634355e-02 1.966719339303886829e-02
9.525296167247387171e+08 2.006707762349958735e+00 -5.046497939576871650e-01 1.161154582771978944e-02 2.166589976627095182e-02 2.118389753143591278e-02 2.104253260873495054e-02
9.535331010452961922e+08 2.034963773065393777e+00 -5.122944586813517054e-01 6.033277113482836407e-02 1.926157283608693691e-02 1.913703480888398131e-02 2.053321248792073714e-02
9.545365853658536673e+08 2.006118087505456948e+00 -5.001434123947308130e-01 4.657978461106088847e-02 1.882108112941614786e-02 2.023686277732537203e-02 2.148341892570083955e-02
9.555400696864111423e+08 2.009060427212884914e+00 -5.247194929369010108e-01 3.735814441479366060e-02 1.957690384677707521e-02 2.146369474374179923e-02 2.072543440030226100e-02
9.565435540069686174e+08 2.005788840426581121e+00 -5.651908810550086981e-01 9.774304678207691721e-02 2.042062930984428828e-02 2.015420976510711587e-02 2.084228852312256658e-02
9.575470383275260925e+08 1.997777049585459208e+00 -5.193982451070341400e-01 1.101704051677947910e-01 2.096643281983127938e-02 2.006592664071016330e-02 1.964084672970066447e-02
9.585505226480836868e+08 1.991545445583479346e+00 -5.264592285247796655e-01 1.398758746609544135e-01 2.017876731562374959e-02 1.728284257110475688e-02 1.926409822811174510e-02
9.595540069686410427e+08 1.974923564440771662e+00 -5.428229639621081626e-01 9.524220699969981885e-02 1.936216124193087390e-02 1.978295890484080624e-02 1.940016954520305120e-02
9.605574912891986370e+08 2.027013021078600374e+00 -5.223943293614075056e-01 1.363181203061854530e-01 2.042303248145742670e-02 1.905273729459636134e-02 1.945139258006544150e-02
9.615609756097561121e+08 2.048467797371170906e+00 -5.280284808450610434e-01 1.229658239047828894e-01 1.858283049401157280e-02 2.014194830546243986e-02 2.127797308368958168e-02
9.625644599303135872e+08 2.004234749293533735e+00 -5.220313012793200702e-01 1.454239590475984167e-01 2.001265340178824681e-02 1.871139669298161473e-02 2.018761869164889533e-02
9.635679442508710623e+08 2.018206187002057117e+00 -5.187531297778052997e-01 1.511049128907405725e-01 1.807165406204723837e-02 1.955654169982766477e-02 1.923428365609659157e-02
9.645714285714285374e+08 1.979334973765543682e+00 -5.218315410231797458e-01 1.870921717985309929e-01 2.086287705519571795e-02 1.905870001145578210e-02 2.081457724019119757e-02
9.655749128919861317e+08 2.049862236582528752e+00 -5.299543894552881662e-01 1.219134702752946997e-01 2.057316119088710774e-02 2.105476125463264653e-02 2.080724774394828239e-02
9.665783972125434875e+08 2.008692693951619646e+00 -5.215544681035427788e-01 2.008754792303235615e-01 1.974614113273431143e-02 1.922896139325888654e-02 2.063693290751630535e-02
9.675818815331010818e+08 1.993098357371364759e+00 -5.559963568777051002e-01 2.016153319270789224e-01 1.929949863032436735e-02 2.196565614090369850e-02 1.968344638465480828e-02
9.685853658536585569e+08 1.993574869383112569e+00 -5.015958326284033486e-01 1.655738995291911597e-01 2.123467151766108424e-02 2.153154631209478267e-02 1.967034430748154303e-02
9.695888501742160320e+08 2.013571249429621179e+00 -5.360517220535856442e-01 1.995763305163538170e-01 1.920627088149217884e-02 1.825525094436244652e-02 2.021943385888262668e-02
9.705923344947735071e+08 1.984752827778917705e+00 -5.269663680887652912e-01 2.121765022847920124e-01 1.964656677450722297e-02 2.241204444213635780e-02 1.847723029879133963e-02
9.715958188153309822e+08 1.996449926943795194e+00 -5.515071003293997576e-01 1.858861206919046327e-01 1.979597327015539254e-02 2.000824124359923753e-02 2.053791211315143111e-02
9.725993031358884573e+08 2.021481528064064559e+00 -4.736277299902229565e-01 2.066604105477054532e-01 1.952553603950020825e-02 1.968789209249668937e-02 2.119090160048989549e-02
9.736027874564459324e+08 1.984971701049533133e+00 -5.083179462122876524e-01 2.279489696348694916e-01 2.159246088463043570e-02 1.832408259967446135e-02 1.964477982710964576e-02
9.746062717770035267e+08 1.981776254825928341e+00 -5.355463219991377644e-01 2.496611164011736939e-01 2.102289447862218039e-02 1.887691177891145933e-02 1.955943657780276346e-02
9.756097560975610018e+08 1.985046047271952219e+00 -5.275908395245495486e-01 2.287614824316411555e-01 2.008039786747603181e-02 2.120921058467592143e-02 1.924036518176363425e-02
9.766132404181184769e+08 2.001344039877352987e+00 -5.306065819618436263e-01 2.591358220824595548e-01 2.016369448384241689e-02 1.743972476342616970e-02 2.259299926079665413e-02
9.776167247386759520e+08 1.966071280249037434e+00 -5.450491668559329650e-01 2.814882283482078584e-01 2.240659647991953898e-02 2.020659984995493846e-02 1.973684467632135994e-02
9.786202090592334270e+08 2.006414536663007731e+00 -5.514528845264873302e-01 2.795670501717443246e-01 1.830107504300845789e-02 2.122589091733409483e-02 2.038229470718174938e-02
9.796236933797909021e+08 2.041231401481083285e+00 -5.030275114455029506e-01 3.129635676721162496e-01 1.899163905404801719e-02 1.970095645178818883e-02 1.932510190171327427e-02
9.806271777003483772e+08 1.984144335688132754e+00 -5.220126777957510011e-01 3.225544968464212903e-01 2.161625946705929974e-02 2.009831658908439386e-02 2.059795507906228562e-02
9.816306620209059715e+08 2.017028465969203932e+00 -4.851384340855143806e-01 3.112690179567024207e-01 2.106793850279769370e-02 1.898314667899768729e-02 1.921196072618663181e-02
9.826341463414634466e+08 1.984809778358262555e+00 -4.896296974042813055e-01 3.347407011216689265e-01 2.025770086384343777e-02 2.058277390959091166e-02 1.826401710489571062e-02
9.836376306620209217e+08 2.016243278215382517e+00 -4.982291169483638593e-01 3.258457215986576005e-01 1.878389954942871060e-02 1.937924234348521735e-02 2.065228128464254714e-02
9.846411149825783968e+08 2.002297989190591210e+00 -4.814827880277884886e-01 3.249787381029239364e-01 2.020206836500414854e-02 1.732243327983222503e-02 1.938700748303243473e-02
9.856445993031358719e+08 1.968006571536964566e+00 -4.685831173770732549e-01 3.272311959063761710e-01 2.048045527466697130e-02 1.886867928948796416e-02 1.933034973114022143e-02
9.866480836236933470e+08 1.978504514047898954e+00 -4.830262072450842159e-01 3.226567276810619056e-01 1.967208865561372727e-02 1.787795704168753524e-02 1.946891163763888807e-02
9.876515679442508221e+08 1.961944470915826910e+00 -5.104954905249275976e-01 3.386804295094060224e-01 1.937197221954761392e-02 2.046038688721804610e-02 2.034882057582418011e-02
9.886550522648084164e+08 1.999479117972322140e+00 -4.916410134770939910e-01 3.382380020362664164e-01 1.910209390220373935e-02 1.942009083720555584e-02 2.190573024530850788e-02
9.896585365853658915e+08 2.054313667336932880e+00 -4.888891908952425203e-01 3.789047654255405240e-01 2.052920953875466553e-02 1.971368369876982246e-02 1.994388416396361205e-02
9.906620209059233665e+08 2.030767235301480955e+00 -4.816706386124748329e-01 3.792851271949246872e-01 2.002905147255612875e-02 1.880621342197187282e-02 2.050857114582011614e-02
9.916655052264808416e+08 2.007350916823579912e+00 -4.876333301913264862e-01 3.522564648249778552e-01 2.087875485326356681e-02 2.108721978761485261e-02 2.035282123900485421e-02
9.926689895470383167e+08 1.983184515014737137e+00 -4.370223297504031157e-01 3.445990695122641556e-01 1.897718471300332069e-02 1.867010734673039962e-02 1.908353671785010391e-02
9.936724738675957918e+08 2.002501973766713128e+00 -4.736468185708612166e-01 3.808242703631791737e-01 1.812037782564280067e-02 1.916168273869446950e-02 2.019991968424367582e-02
9.946759581881532669e+08 2.022944197382336995e+00 -4.585193393220814428e-01 4.082128360097939668e-01 1.847956745982220692e-02 2.093535988951069834e-02 1.840633157713343626e-02
9.956794425087108612e+08 1.972249306161873550e+00 -4.491836929148734781e-01 3.751981040061658224e-01 2.123580967746660150e-02 1.941413300479572293e-02 2.065446146225053195e-02
9.966829268292682171e+08 1.980208227177997049e+00 -4.373153501772696350e-01 4.285082172041763116e-01 2.186623868094351997e-02 2.042602593162469796e-02 2.088854259197685942e-02
9.976864111498258114e+08 1.991650502289942670e+00 -4.142089784720715540e-01 4.027182947818554459e-01 2.056566024187100883e-02 2.025986406739954324e-02 1.828032138477617835e-02
9.986898954703832865e+08 2.013327692489933707e+00 -4.760877159247006163e-01 4.178121145774696954e-01 2.152069799118387639e-02 1.986599660702254022e-02 2.183660476688440572e-02
9.996933797909407616e+08 1.993129058651096353e+00 -4.151745865922395473e-01 4.428337024434306213e-01 1.974249244961574432e-02 2.055561344004796717e-02 1.923260064131191924e-02
1.000696864111498237e+09 1.992633397044720978e+00 -4.739455594752950973e-01 4.103040669130838536e-01 2.089614838157647508e-02 2.078630520243935145e-02 2.192339915214588930e-02
1.001700348432055712e+09 2.029634518213101035e+00 -4.042127771459504970e-01 4.588377739550638656e-01 1.943658009410769924e-02 1.985899164240518752e-02 2.019183483877697027e-02
1.002703832752613306e+09 2.028545095072672666e+00 -3.892867631750911439e-01 4.632316082607236818e-01 1.931985757138759627e-02 2.042947408346973068e-02 1.979590140182434926e-02
1.003707317073170662e+09 1.990121577284248655e+00 -4.347871869252322719e-01 4.374831851117716441e-01 2.015892198754698147e-02 1.963092729662610503e-02 1.771367913640123359e-02
1.004710801393728256e+09 2.001143124961805686e+00 -4.177620909702484675e-01 5.173825337635153954e-01 2.067301794158825368e-02 1.889643039289575985e-02 1.974428732084350727e-02
1.005714285714285731e+09 2.009704499836028280e+00 -4.214474599641728769e-01 4.449320990829190858e-01 2.022917490791160261e-02 1.879701114964066333e-02 1.936453782818426880e-02
1.006717770034843206e+09 1.993996396517083047e+00 -4.268524946249255825e-01 4.884901187116205690e-01 1.989663227276923865e-02 2.118923309685445330e-02 2.101273076884462368e-02
1.007721254355400681e+09 1.976082012060030202e+00 -4.156132182273547526e-01 4.957584883039463097e-01 2.030444911959671667e-02 2.130886692142559477e-02 2.157270767441376441e-02
1.008724738675958157e+09 2.013275612116461666e+00 -4.096637488784558578e-01 5.082096779285140142e-01 1.832832491583817613e-02 1.971636620763530037e-02 1.805288680216514396e-02
1.009728222996515632e+09 1.997575795281328670e+00 -3.964296568182767433e-01 4.956463948284205445e-01 2.131762212348883856e-02 2.000461721881167942e-02 2.038689939880864582e-02
1.010731707317073107e+09 1.981440442543972669e+00 -3.872929497175188751e-01 5.016585428635682575e-01 1.907614252625641077e-02 1.987498391127132460e-02 1.961174287916171363e-02
1.011735191637630701e+09 1.987626439239095211e+00 -3.692770589487066601e-01 5.278182262874185904e-01 2.043476158486240077e-02 2.046232295421287345e-02 2.002386621031409381e-02
1.012738675958188176e+09 1.969318112557383094e+00 -3.566585656311940244e-01 5.194384838451444608e-01 2.025326186233404602e-02 1.939718650600814540e-02 1.957877733146353924e-02
1.013742160278745651e+09 2.003703347983155414e+00 -3.712024307663773781e-01 5.460497105497140735e-01 1.966307996823955448e-02 1.912887623689567274e-02 1.760755310303399948e-02
1.014745644599303126e+09 1.972498781778892596e+00 -3.716354539935030621e-01 5.211974092042135354e-01 1.969355053629500904e-02 2.025190129116661089e-02 2.058264417552508815e-02
1.015749128919860601e+09 1.994509911959555959e+00 -3.376916494428263138e-01 5.725304068158383330e-01 2.133484561032521556e-02 1.997030298174196777e-02 1.954594244397293151e-02
1.016752613240418077e+09 2.013266280406872610e+00 -3.309973447660560786e-01 5.395915434107801945e-01 1.988990830217364850e-02 2.070892766280370625e-02 2.089274315918319275e-02
1.017756097560975552e+09 2.005827442506281866e+00 -3.422287108542967915e-01 5.541596540618296540e-01 2.130347598913374940e-02 1.952083098067919700e-02 2.030446992043277374e-02
1.018759581881533146e+09 1.968294518956072992e+00 -3.325093330798649105e-01 6.162480560373957417e-01 2.004553119189960916e-02 1.990038018696993830e-02 1.932956848613098799e-02
1.019763066202090621e+09 1.961400369135926525e+00 -3.453840223124691189e-01 5.386622007427450676e-01 1.959921499543982801e-02 1.903665340506562748e-02 2.029312284285030715e-02
1.020766550522648096e+09 2.030999968684386481e+00 -3.332769243187677644e-01 5.761213640903740663e-01 2.108191684399728094e-02 2.106859203504599098e-02 2.099989276254837431e-02
1.021770034843205571e+09 1.996939784388738204e+00 -3.168916988996576256e-01 5.860992719189204170e-01 2.263743222796977053e-02 1.903295634012841520e-02 2.059066562282536525e-02
1.022773519163763046e+09 1.977073386123303189e+00 -3.191379221932719723e-01 5.477587312132511377e-01 2.078329095602321139e-02 2.144027363993313701e-02 2.115380634477760993e-02
1.023777003484320521e+09 2.016087455269781170e+00 -3.192579179602255679e-01 5.790574450390358896e-01 1.804829958323977968e-02 2.017982885137607069e-02 2.003203903598493874e-02
1.024780487804877996e+09 1.983297770323791953e+00 -2.962693555014382918e-01 5.725242647170202259e-01 2.041196165957260764e-02 1.901828787065777335e-02 1.919540469398546903e-02
1.025783972125435591e+09 1.998142456650321419e+00 -2.965086478650394430e-01 5.820117794969998926e-01 2.055739584586866592e-02 1.894439773252570500e-02 2.083330103652155166e-02
1.026787456445993066e+09 1.974647156300692430e+00 -2.820219994548081033e-01 6.079453021869332119e-01 1.965172104178026027e-02 2.248377143600437458e-02 2.089299321805484708e-02
1.027790940766550541e+09 2.008436694251085619e+00 -2.940849611920823281e-01 5.858481689895831401e-01 2.019819077474550861e-02 1.809074473534871483e-02 2.103353709975278041e-02
1.028794425087108016e+09 2.010800822364615215e+00 -2.697060407203499821e-01 6.133297146794591814e-01 1.866324431334693071e-02 1.997398975313554800e-02 2.043042711266276554e-02
1.029797909407665491e+09 2.002469298568517075e+00 -2.544891552369784038e-01 6.097460937610548193e-01 1.928434401455098382e-02 1.939482457713524385e-02 1.980691766141500984e-02
1.030801393728222966e+09 2.011998863782039848e+00 -2.439325575827673565e-01 5.886582067707865074e-01 2.070481799298231826e-02 1.882603385788792633e-02 2.051119829488448967e-02
1.031804878048780441e+09 2.033493098867996896e+00 -2.852768759016937605e-01 6.409132452286286918e-01 1.830972009383848714e-02 1.906088883423553634e-02 1.979989484269975217e-02
1.032808362369338036e+09 2.032280791212847326e+00 -2.399962119068815569e-01 6.267090895320769350e-01 1.967361688911041170e-02 2.047766495489722685e-02 2.152246152762257725e-02
1.033811846689895511e+09 2.002589880097718211e+00 -2.195507326065040121e-01 6.394170885058101383e-01 1.936278303153726038e-02 1.738046532670791539e-02 1.996108818811163227e-02
1.034815331010452986e+09 1.987815052443419050e+00 -2.213675540538182773e-01 6.748506995803917885e-01 2.189346273729088702e-02 1.891597083677126409e-02 1.964171048150506124e-02
1.035818815331010461e+09 2.037415130850054990e+00 -2.361960277794521723e-01 6.560032869201323225e-01 1.915600842156012229e-02 2.031362151836908075e-02 2.093180336752616458e-02
1.036822299651567936e+09 2.048832013363976134e+00 -2.360391041977211168e-01 6.643369457060913641e-01 1.928835893623119871e-02 2.023407793267861451e-02 2.111596825898618898e-02
1.037825783972125411e+09 2.003997090375540857e+00 -2.289459378256059607e-01 6.327317278372371900e-01 2.156748012349938431e-02 1.933593278768528517e-02 2.005719173843747635e-02
1.038829268292682886e+09 2.005568806432009854e+00 -2.024312479963240041e-01 6.810313046610388943e-01 2.172554295847003644e-02 2.009519174184831378e-02 2.129774892275949905e-02
1.039832752613240480e+09 2.031133575133988955e+00 -2.093377726104320158e-01 6.504308604594307708e-01 1.969587064368483534e-02 1.901328349457478278e-02 2.154801645335813545e-02
1.040836236933797836e+09 1.997696319758662575e+00 -1.863750595384774111e-01 6.538994763243102248e-01 1.933970371302234231e-02 2.197667032273973794e-02 1.972070972021689253e-02
1.041839721254355431e+09 2.027557319561831051e+00 -1.517695039009036850e-01 6.689022728701933262e-01 2.094796589674126699e-02 1.997406230660003085e-02 1.954912060476555330e-02
1.042843205574912906e+09 1.981831299217237774e+00 -1.774159959081214599e-01 6.769369402231307786e-01 2.016970257908704683e-02 2.117884033596003843e-02 1.853165515896068594e-02
1.043846689895470381e+09 1.965681942869469401e+00 -1.620042846411497983e-01 6.580818610354451925e-01 2.121616629903112436e-02 1.934626451386261756e-02 2.009506079276331472e-02
1.044850174216027856e+09 1.978656875482206923e+00 -1.355183796751214531e-01 6.594764735978245751e-01 1.828238066789470914e-02 2.064143710466966389e-02 1.839215669122342897e-02
1.045853658536585331e+09 1.991469261458127971e+00 -1.355201009612415075e-01 6.926186737994728393e-01 2.007143482147252106e-02 2.189340449227926422e-02 1.998148550833900652e-02
1.046857142857142925e+09 2.004999213783007050e+00 -1.696831228530487345e-01 6.437831691755301344e-01 1.858971254785496754e-02 2.069111089836327133e-02 1.976677671935811106e-02
1.047860627177700281e+09 1.984583978677039839e+00 -1.037559994097390359e-01 6.937102940977034615e-01 2.056027912395225893e-02 1.972633667599587790e-02 1.882298560906173202e-02
1.048864111498257875e+09 1.999313915922120932e+00 -1.242306882288145148e-01 6.741809486185948996e-01 1.840650534388776904e-02 1.861564493806196902e-02 2.051057774253031360e-02
1.049867595818815351e+09 2.034439786062017141e+00 -1.077263374416030650e-01 6.888845384892285928e-01 2.056808755569519698e-02 2.066232740522344971e-02 1.929172981050943786e-02
1.050871080139372826e+09 1.990029694648229430e+00 -1.051134219274787868e-01 7.141594008174649844e-01 2.044626135965837282e-02 2.037932892049727426e-02 1.953767299239217783e-02
1.051874564459930301e+09 2.012191383110238263e+00 -1.109583386287893297e-01 6.631182090885996416e-01 2.015962028100020884e-02 1.817675552820094756e-02 2.056522570269022840e-02
1.052878048780487776e+09 2.019199550366582940e+00 -1.129017890109199063e-01 6.897910461207481525e-01 1.874746601354483622e-02 1.934205945744750521e-02 1.881264137926998495e-02
1.053881533101045251e+09 1.968797301901109353e+00 -7.078817734096731762e-02 6.918411815258220798e-01 1.984383318946413358e-02 1.939508133120922476e-02 2.135759801948638320e-02
1.054885017421602726e+09 1.966694723028523661e+00 -6.200251469116202507e-02 7.300190111305412399e-01 2.023408275445922472e-02 1.921020947543490218e-02 2.050907784432350750e-02
1.055888501742160320e+09 2.015668014612207681e+00 -3.336275609627740307e-02 6.713962407448070824e-01 1.984112095121715047e-02 2.259416891710579536e-02 1.803982132623519266e-02
1.056891986062717795e+09 2.000577898167206659e+00 -6.738073908014061142e-02 6.980047414328635069e-01 1.922942124700295977e-02 1.926874409294900350e-02 2.043555722879152048e-02
1.057895470383275270e+09 2.016894466859421531e+00 -5.219233943787149332e-02 6.771188986938574406e-01 2.029472320931919455e-02 2.154199957938934470e-02 2.022977070841304112e-02
1.058898954703832746e+09 2.004762122813065872e+00 -5.232564313391505767e-02 7.106090296364386827e-01 2.069565342398196547e-02 1.863601414062004968e-02 1.960016548218832672e-02
1.059902439024390221e+09 2.005075327145272368e+00 -4.222332381923923211e-02 6.758654913050227142e-01 2.114609424460992676e-02 1.823891140896777632e-02 1.959083188872072154e-02
1.060905923344947696e+09 2.037872719176983427e+00 -6.347424161658737907e-02 7.368608600372029693e-01 1.909252528640268884e-02 1.882088094926340563e-02 2.082793263040989482e-02
1.061909407665505171e+09 1.996303487199533100e+00 -3.915396031783969361e-02 7.070092328730690490e-01 1.935828070256929642e-02 1.957142120776233368e-02 1.930316592813316467e-02
1.062912891986062765e+09 1.979109147516832090e+00 3.992026603565793780e-03 7.155744286396631404e-01 2.091902838397281111e-02 2.007909408984489760e-02 2.051649803948102715e-02
1.063916376306620240e+09 1.986401867953128786e+00 -3.028008716622570748e-03 7.191715220658638774e-01 2.125713084752292592e-02 1.885242431951313427e-02 1.973878112045248517e-02
1.064919860627177715e+09 1.966281061665667185e+00 8.370598664626893379e-03 7.036805867965544303e-01 1.958948351170029800e-02 1.745648019913835849e-02 1.904260420765040845e-02
1.065923344947735190e+09 2.000907265835557336e+00 -3.987449450478477986e-03 7.090797132478602327e-01 2.058857382282891849e-02 2.208303787352399253e-02 1.944886875176910987e-02
1.066926829268292665e+09 2.001246233704678801e+00 2.085115587650223853e-02 7.073978505027121999e-01 2.077005939588763908e-02 1.969544096513874132e-02 2.123495762124763542e-02
1.067930313588850141e+09 2.001089937659697338e+00 2.603686660402393035e-02 6.992128196454518996e-01 1.870311276780688842e-02 2.037272457234356668e-02 2.101179860118496112e-02
1.068933797909407616e+09 2.028550526630214179e+00 7.292431374025104551e-03 7.217772009878775652e-01 2.077395713976339098e-02 2.033730360247682639e-02 2.205342981950191017e-02
1.069937282229965210e+09 1.977910683468444564e+00 3.418142910177476845e-02 7.035000734199698957e-01 1.965390352669508373e-02 1.979546682549431641e-02 1.975444558085007879e-02
1.070940766550522566e+09 2.018927509582547852e+00 6.239003347132823785e-02 7.231312093259014695e-01 2.055804059981031912e-02 2.087018950529762051e-02 2.118226303923129855e-02
1.071944250871080160e+09 2.033362392104789862e+00 7.850979953154424429e-02 7.268834592461490551e-01 2.058959750319868873e-02 2.054135157305369414e-02 2.253028589064641485e-02
1.072947735191637635e+09 1.994648766457235434e+00 1.016097137135232448e-01 6.717610825411485242e-01 1.704113428672787006e-02 1.825615983962457917e-02 2.029399410233747800e-02
1.073951219512195110e+09 2.008134057417426899e+00 5.108839075861312806e-02 7.358887791501649289e-01 2.076922361268288345e-02 2.120255167723058762e-02 1.939304733405794109e-02
1.074954703832752705e+09 2.026946355629462460e+00 8.401395082800240666e-02 7.062590015335492577e-01 2.061512710871116552e-02 2.034546717869919336e-02 2.072353266649202067e-02
1.075958188153310061e+09 2.005865099002555940e+00 9.528708749839832903e-02 7.099954220268929195e-01 2.064122536897210897e-02 2.195692760334221061e-02 2.176194236739882257e-02
1.076961672473867655e+09 1.983117373984355281e+00 1.171264220114602850e-01 6.892239326775085884e-01 2.005001636924850367e-02 2.040518200093163759e-02 1.893859509467090557e-02
1.077965156794425011e+09 1.998028447818602782e+00 1.133840568553553529e-01 7.270323653271362208e-01 2.238307927736209527e-02 2.076473397506060567e-02 2.027302213642800249e-02
1.078968641114982605e+09 2.012386822320976876e+00 1.021086037687341797e-01 7.124331786656573628e-01 1.876153335782484999e-02 1.969149745820309230e-02 2.127217531105247278e-02
1.079972125435540199e+09 2.033714632512249043e+00 1.134365190767798043e-01 7.193225998515427877e-01 2.018435012173739468e-02 1.904124698097292914e-02 1.990296736250809009e-02
1.080975609756097555e+09 2.021023706266743325e+00 1.149467065217248951e-01 7.509528498229133264e-01 2.119060511142304218e-02 2.017531659797361723e-02 1.906136027723841220e-02
1.081979094076654911e+09 2.013059479627867798e+00 1.478135256874184567e-01 6.992568438599758851e-01 1.960488945192004687e-02 1.947776218499444600e-02 2.059273237552033259e-02
1.082982578397212505e+09 2.008504321138561366e+00 1.420960267659225063e-01 6.705207763010708755e-01 2.078914666109248424e-02 1.871751541480566258e-02 2.023428158644877128e-02
1.083986062717770100e+09 1.999192890897698804e+00 1.414214116840610824e-01 7.034676573746603268e-01 1.940246723972869486e-02 1.877257284137113375e-02 1.928488795745902581e-02
1.084989547038327456e+09 2.024174001809718071e+00 1.742463821013698344e-01 6.852419797852065120e-01 2.018640570476602780e-02 2.066053109808867194e-02 2.006625525060758142e-02
1.085993031358885050e+09 2.036004808500395225e+00 1.890195364570175784e-01 7.255025153483636302e-01 2.079483271704220260e-02 1.899005284086905526e-02 1.830835319399528108e-02
1.086996515679442406e+09 1.973859493242556384e+00 1.706629898624785757e-01 6.988910795116975994e-01 1.980628726771052270e-02 1.894601866454827255e-02 1.804585459825576096e-02
1.088000000000000000e+09 1.993893341764693572e+00 1.882175127538725790e-01 7.159274867006890641e-01 2.096286989499013612e-02 2.141435642489345620e-02 1.962681762539373459e-02
