8.000000000000000000e+08 5.389444690474656241e-01 -3.531703845345561532e-03 -5.613401038470736820e-02 2.012580709742756851e-02 1.917759425123110456e-02 1.955077852909253497e-02
8.010034843205574751e+08 5.291627599311905517e-01 -8.017747669173016026e-03 -6.715278631922076691e-02 2.006290171982984608e-02 1.969711565281839771e-02 2.006447983124666837e-02
8.020069686411149502e+08 5.069606970338187413e-01 2.642772525743647752e-02 -4.655852402533715989e-02 1.975838154354156093e-02 1.945186256126818850e-02 2.050433305273758125e-02
8.030104529616724253e+08 5.147993810952971039e-01 -3.250290533194032799e-02 -5.819815060962411912e-02 2.241873255244732077e-02 2.034548023444601381e-02 1.831202758016702015e-02
8.040139372822300196e+08 4.802915906953058589e-01 1.466147515702344827e-02 -1.015802593687979705e-01 2.000585534758884260e-02 1.861557708242672290e-02 1.971351506122616046e-02
8.050174216027874947e+08 4.938697285442017471e-01 -2.054277978265614535e-02 -1.231238318106857993e-02 1.994009669226977019e-02 1.857846074287287236e-02 2.011813011724136041e-02
8.060209059233449697e+08 4.899853983301840077e-01 1.299914334572052979e-02 -4.705272359961141376e-02 1.916852395330945896e-02 2.213621728695417193e-02 1.907995099434282166e-02
8.070243902439024448e+08 4.696773437049395206e-01 -2.213373728673432780e-02 -7.793806598482336256e-02 2.110197551427865637e-02 2.088275267501721669e-02 1.942881704963127926e-02
8.080278745644599199e+08 4.956838333061325264e-01 -3.540225142651261259e-02 -6.022992355471103870e-02 1.926508842704340377e-02 2.088100015567059473e-02 1.765713904553835659e-02
8.090313588850173950e+08 5.070259723752994496e-01 -1.643608505607353776e-02 -4.273056787936307249e-02 1.861871313514535872e-02 1.931362955628916286e-02 2.104929519109442759e-02
8.100348432055748701e+08 5.060302470449921097e-01 1.226388875618351221e-02 -3.494627951577034680e-02 2.121207390853028715e-02 1.998501014664607819e-02 2.048339360454005248e-02
8.110383275261323452e+08 4.737154267201971747e-01 -1.972120199829221002e-02 -4.121866563795716087e-02 2.051263290000111469e-02 1.939651570677821193e-02 1.967430675898062392e-02
8.120418118466899395e+08 5.033743889002861849e-01 -8.662726585466927476e-03 -6.749634457019278166e-02 1.936699316312775337e-02 1.975194040520767552e-02 2.043152906813149039e-02
8.130452961672474146e+08 5.182978945353878819e-01 -5.488051145304399803e-02 -7.102513865166194817e-02 2.055489688197313994e-02 2.271785361633112815e-02 2.039300972511008669e-02
8.140487804878048897e+08 5.004628148883627503e-01 -5.160187733915390373e-02 -3.477510447473063093e-02 2.076992637067400990e-02 1.971724414955641075e-02 1.929568611834720643e-02
8.150522648083623648e+08 5.217522669555982873e-01 -3.978307631865426325e-02 -5.289242578008404583e-03 1.924057574474205209e-02 1.917570364340546313e-02 1.983207907681031057e-02
8.160557491289198399e+08 5.317426777736787846e-01 -2.806521844005610555e-02 -2.680275860425659559e-02 1.887976619781142271e-02 1.812767042436902801e-02 1.969400853478449689e-02
8.170592334494773149e+08 4.920585935302551062e-01 -6.564295800317551666e-02 -3.745809905816115809e-02 2.017443794625678119e-02 2.020979122975291239e-02 1.921641799821911106e-02
8.180627177700347900e+08 4.991018196488720693e-01 -7.153786379339290014e-02 -1.530899226708796329e-02 1.897944462245130040e-02 2.111021484997635186e-02 2.232530715349104536e-02
8.190662020905923843e+08 4.823469901838456364e-01 -4.710918622864607164e-02 -3.326028570456306122e-02 2.048361864714258462e-02 2.088789618096553377e-02 1.973774251429221555e-02
8.200696864111498594e+08 4.333935379611545402e-01 -5.865413766221655445e-02 -2.749495400352646932e-02 1.999107951471906786e-02 2.160844893310361406e-02 1.934249396151415529e-02
8.210731707317073345e+08 4.981609594667028573e-01 -5.558591225482864551e-02 -2.026353130400134622e-02 1.859030415258678889e-02 1.964222190838068802e-02 2.150318336468911434e-02
8.220766550522648096e+08 4.999764608005430322e-01 -3.210434479125522794e-02 -1.738639889300177058e-02 1.997345038629422947e-02 2.079923250145755340e-02 1.888691425571665736e-02
8.230801393728222847e+08 4.995626206221749910e-01 -5.059969568642618681e-02 -1.814283723577149107e-02 1.969176605872644328e-02 1.985813214489083947e-02 1.888063772194395126e-02
8.240836236933797598e+08 4.977944084864754370e-01 -2.751207989499400430e-02 -6.638470299272109312e-03 1.923317750622806702e-02 2.061027216674479398e-02 1.994953321213627229e-02
8.250871080139372349e+08 4.673986502398357334e-01 -3.856461514040276928e-02 1.455903566439420253e-02 2.079166006985816786e-02 1.984760610802446465e-02 1.957505634795489100e-02
8.260905923344948292e+08 5.112240366701205074e-01 -6.886913501437495755e-02 -2.525071626601596217e-02 2.155151310913194090e-02 2.036545473095976999e-02 2.098020521443468012e-02
8.270940766550523043e+08 4.432099880082167598e-01 -4.560029508609460963e-02 2.650492419736729874e-02 1.980496412748248419e-02 2.008319645843716084e-02 1.901793973732014004e-02
8.280975609756097794e+08 4.600065718737569864e-01 -5.148490581138306932e-02 6.955875782286892635e-03 2.057442631847683848e-02 2.094626857333498418e-02 1.907670132709915131e-02
8.291010452961672544e+08 5.050491733342692413e-01 -4.467162962243498986e-02 -2.878395524888529081e-02 2.214796577869763972e-02 1.999433712739640684e-02 2.152933489028182462e-02
8.301045296167247295e+08 4.903497703069287228e-01 -5.013830402496016053e-02 1.750759318879215390e-02 1.939295419460888847e-02 1.946044210804586533e-02 1.881109295041992480e-02
8.311080139372822046e+08 5.158048623526704235e-01 -5.524758477673731571e-02 8.281054695517264808e-04 1.996289381636380186e-02 2.035058367057001813e-02 1.838190539267220078e-02
8.321114982578396797e+08 5.000963579100337064e-01 -5.629880790564534276e-03 3.049446935775701473e-02 1.906499334030140741e-02 1.878473939292184952e-02 2.144021857671272319e-02
8.331149825783971548e+08 4.875415800076563499e-01 -2.194804052894545540e-02 2.506123272006091987e-02 1.938303977270666376e-02 2.064384141847466769e-02 2.064546923886020902e-02
8.341184668989547491e+08 4.590471400579916872e-01 -3.637716078526560121e-02 2.982381015582352690e-02 2.041601436016307614e-02 1.786068919386439233e-02 2.010462175093684356e-02
8.351219512195122242e+08 4.942370331500803848e-01 -4.935254930768105674e-02 2.534716131028096758e-02 2.058837622722609409e-02 1.918828150231590909e-02 2.004499167050752956e-02
8.361254355400696993e+08 4.764371679599960774e-01 -3.443872262497587461e-02 4.890407227197175050e-02 2.045811377891812444e-02 2.086574084990986538e-02 2.092542470709596661e-02
8.371289198606271744e+08 5.011222590413044742e-01 -4.547778024395650320e-02 4.458559299509123192e-03 1.999699863220424229e-02 1.950583818349541781e-02 1.980314649225877258e-02
8.381324041811846495e+08 5.069909310077858056e-01 -1.343561602347774324e-02 1.974161861767506632e-02 2.087895101859729360e-02 1.940438906368915570e-02 2.119929539288774659e-02
8.391358885017421246e+08 4.718418360426024361e-01 1.147273370292846775e-02 7.528050305596983155e-03 1.959264601967299069e-02 1.839573214857152458e-02 2.101542965949132480e-02
8.401393728222995996e+08 5.036263667247226072e-01 8.747682255197133938e-03 5.721383350640117660e-02 2.019441012218221518e-02 1.925617188178716660e-02 2.036876142981319457e-02
8.411428571428571939e+08 4.794164244185505352e-01 4.666958618320695557e-03 4.321100428334823107e-02 2.068934390357726402e-02 2.047410371224430564e-02 1.958539560434428839e-02
8.421463414634146690e+08 5.109207838810398972e-01 -4.097310855807595464e-02 4.093468755808798293e-02 2.052452890380177322e-02 2.070762772280778166e-02 2.186816488131861080e-02
8.431498257839721441e+08 4.870597446854958434e-01 -4.627346341653837403e-02 2.833177601124528891e-02 2.096949281815151805e-02 1.963070799326206012e-02 2.061750238929145260e-02
8.441533101045296192e+08 5.160136846756167017e-01 -9.348126357254495089e-03 5.184889390520662500e-02 1.994360690060109978e-02 2.065336311968112709e-02 2.010401059725809222e-02
8.451567944250870943e+08 4.939273989118519448e-01 1.407749215170800254e-02 3.385380310272323445e-02 1.835491710861268319e-02 1.938166745830269613e-02 2.009510432869409530e-02
8.461602787456445694e+08 4.389047051015285694e-01 -2.117726892189914639e-02 2.338921131207027243e-02 2.043976876368587894e-02 1.946203895155149480e-02 2.037100414919593844e-02
8.471637630662020445e+08 4.580794454181641440e-01 -3.360470721053025397e-04 7.024556936079552616e-02 2.039342531693105406e-02 1.937617398492805926e-02 2.029646488291418638e-02
8.481672473867595196e+08 4.648200416930920453e-01 -1.255828260976244934e-02 5.944637042756900636e-02 1.851812438544379880e-02 2.131575776148574020e-02 1.932876812777293424e-02
8.491707317073171139e+08 4.821114086300784529e-01 -2.513577482274799782e-02 4.009843582060627909e-03 1.778103458332705097e-02 1.960707309568493137e-02 1.946876708387202184e-02
8.501742160278745890e+08 4.695537791500938307e-01 -4.736063412012352786e-02 4.376985266060684499e-02 2.114372860904778842e-02 1.839907188114049338e-02 1.934567683275379910e-02
8.511777003484320641e+08 4.478097500978664436e-01 -1.137271738669372659e-02 2.825678138340672121e-02 2.070849441776107316e-02 2.110430593286430692e-02 2.184993610402969147e-02
8.521811846689895391e+08 4.705333924484314534e-01 3.441722453745180155e-02 1.307505212273372616e-02 1.958962944757738911e-02 2.020479277621150399e-02 1.916975054576963017e-02
8.531846689895470142e+08 4.554605937275428840e-01 -3.558308719754177396e-02 5.662192737245183571e-02 1.978761951950486903e-02 1.838319399949054495e-02 2.076820114743855444e-02
8.541881533101044893e+08 4.853798320940818090e-01 1.190165483839329685e-03 3.791258136228890796e-02 1.890291757137835954e-02 1.984382129299257225e-02 2.023179891807075012e-02
8.551916376306619644e+08 4.539187080137603303e-01 1.063412741650299892e-02 2.235568421513310644e-02 2.238939979900796476e-02 1.970666977920628241e-02 1.762228811034427522e-02
8.561951219512195587e+08 4.913173363340699318e-01 2.056348380492126204e-02 1.256712639078155780e-02 1.894174838501568037e-02 1.916556289690434650e-02 1.898745835068503876e-02
8.571986062717770338e+08 4.907532763727331937e-01 1.790009365143079706e-02 5.378033781353031700e-03 1.935414662057701254e-02 1.959040714016510587e-02 2.017268966473551375e-02
8.582020905923345089e+08 4.902998397610024428e-01 5.430337242205787035e-03 3.451113155864041215e-02 2.091042845517293927e-02 2.174879422496967321e-02 2.077764232199130062e-02
8.592055749128919840e+08 4.411124358334238549e-01 8.299133877938654272e-03 -7.942322591657800801e-03 2.158117709943905768e-02 1.799766228652847910e-02 2.005634264906517791e-02
8.602090592334494591e+08 4.623825731807009731e-01 1.801696996503852899e-02 -5.573008039621376447e-03 1.954946345169890354e-02 1.979927003255211801e-02 1.991817345606019043e-02
8.612125435540069342e+08 4.718767344419402820e-01 1.176552882113084814e-03 2.850124240272568221e-02 1.866756056803330760e-02 2.147377302252535466e-02 2.020902898335587283e-02
8.622160278745644093e+08 4.832394430885134651e-01 1.297002755513909818e-02 2.772998379108922856e-02 2.009535544540838256e-02 1.788438211336860692e-02 1.937752630069786500e-02
8.632195121951220036e+08 4.736484047513868090e-01 1.391394378059407008e-02 1.817202740706926056e-02 1.830477911363268678e-02 1.745645411538684563e-02 1.975991444913000397e-02
8.642229965156794786e+08 5.058239963402321182e-01 8.752013729320849700e-03 4.315695468038043686e-02 2.060592591886627536e-02 2.053210993394560813e-02 1.951452221632226855e-02
8.652264808362369537e+08 5.085747544426253430e-01 -5.241459766971767742e-03 2.105951384506753871e-02 1.940857295816934489e-02 1.999090983864279178e-02 2.011872397079656968e-02
8.662299651567944288e+08 5.221928923602298100e-01 2.180511968046610141e-02 1.630188425928315657e-02 1.943217267156628278e-02 2.133122763057980487e-02 1.970412157465776734e-02
8.672334494773519039e+08 4.859615249047371521e-01 7.839496385021071934e-03 4.317480104942252039e-02 2.165662403720975890e-02 1.952758418239588373e-02 2.049178771735238325e-02
8.682369337979093790e+08 4.258826951293893104e-01 1.088357299066609017e-02 4.956230715866552505e-02 1.951517471332406620e-02 1.969072369933170044e-02 1.931977732405518178e-02
8.692404181184668541e+08 4.902419935997214262e-01 1.617233307189825525e-02 -3.242397133035763122e-03 1.905218545789716736e-02 2.120896017732264160e-02 1.933565194941121862e-02
8.702439024390244484e+08 5.014961509460609257e-01 4.180448812120467206e-02 3.910901940109108577e-02 2.000158563763435385e-02 2.106440283201177835e-02 2.030943494850755149e-02
8.712473867595819235e+08 4.667881650040910935e-01 1.801019026300839862e-02 -1.241518213928383477e-02 2.011904177252172091e-02 1.949326576113401960e-02 2.014867706618402726e-02
8.722508710801393986e+08 4.630821393429729316e-01 3.484580465994416287e-02 2.412072848891968352e-02 2.072681405025346771e-02 1.938490814087400621e-02 2.182701386280290826e-02
8.732543554006968737e+08 5.270190667447064437e-01 5.875801037590890064e-02 2.256115502172880913e-02 1.999927260625805614e-02 1.957923409628328434e-02 2.046424942713900505e-02
8.742578397212543488e+08 4.794628687586906524e-01 2.125826670661180168e-02 3.296989416415567475e-02 1.989847572876250748e-02 1.991147298149803860e-02 1.836875159600411325e-02
8.752613240418118238e+08 4.802645150193001755e-01 1.007727346938702001e-02 1.079612568168885484e-02 2.007399010792466562e-02 2.154652123575874142e-02 2.006877412065495234e-02
8.762648083623692989e+08 4.545271004265226678e-01 4.681878399695361265e-02 1.726859963046593546e-02 1.962367203471301544e-02 2.089814897603123334e-02 2.144094270672530431e-02
8.772682926829268932e+08 5.095864224636743600e-01 3.119216175008464320e-02 -2.472450103715726627e-02 1.889033038136696610e-02 2.044260140657927841e-02 1.952499265875619686e-02
8.782717770034843683e+08 4.466559406497604967e-01 1.822102023964936729e-02 -3.563935311261148819e-02 2.024997116339143782e-02 1.952945038194524308e-02 1.921936583619936190e-02
8.792752613240418434e+08 4.589537840998980101e-01 1.165193338036081203e-02 -8.880921534748707075e-03 2.070526936560876038e-02 1.844571554203554287e-02 1.905995626293756698e-02
8.802787456445993185e+08 4.784007532746305524e-01 3.468702302879077271e-02 -1.538363837058096331e-02 1.902978032946668271e-02 2.056688389457151864e-02 1.941681402759585715e-02
8.812822299651567936e+08 4.561558505232881089e-01 5.382807317395300883e-02 -5.247254301587027728e-03 1.858572688379486748e-02 1.981640028537471482e-02 2.140347366980365970e-02
8.822857142857142687e+08 4.434455772034353038e-01 4.452768013984545470e-02 -1.460258104045754346e-02 2.031978340127568033e-02 2.009887753703876179e-02 1.958604386577954617e-02
8.832891986062717438e+08 4.720949270978219148e-01 -2.755642441832920064e-03 -1.868064318560928166e-02 1.927167086941724075e-02 2.051892466483877867e-02 1.898956775977510281e-02
8.842926829268292189e+08 4.689669148752004801e-01 5.337076219324677837e-03 -2.721394825310292920e-02 1.875705575192507940e-02 2.130391015943984903e-02 1.953496242696800556e-02
8.852961672473866940e+08 4.422195714315560466e-01 3.293595768585940581e-02 -2.428738579955651636e-02 1.886695041745318005e-02 1.748638544097637706e-02 1.922002911974523415e-02
8.862996515679442883e+08 4.627022041666545293e-01 2.651569882708250392e-02 -2.662188409438951894e-02 1.843633639590704434e-02 1.908991655260976888e-02 1.784525872101856703e-02
8.873031358885017633e+08 4.412805995003524773e-01 6.009119364579129305e-03 -2.458413287719985948e-02 1.886171763436848142e-02 2.055884009498777296e-02 2.096484741976167160e-02
8.883066202090592384e+08 4.815315541683269362e-01 -3.786040695921306237e-02 4.211502833878975893e-02 2.135098816034492614e-02 1.902669868435467523e-02 2.076835693410137781e-02
8.893101045296167135e+08 4.370080539793380625e-01 2.072108167911703228e-02 -2.143441743017187109e-02 2.050832975114585607e-02 2.053720517419760708e-02 2.111594616394179766e-02
8.903135888501741886e+08 4.965236897770216040e-01 2.036878285537674707e-02 2.912174755304230284e-02 2.098112896589513290e-02 1.950856440677192424e-02 1.791516839568017827e-02
8.913170731707316637e+08 4.449424056708744524e-01 4.117869226895145424e-02 -1.853952158007018611e-02 1.982792073207265138e-02 1.916847455202947900e-02 1.942998510639770693e-02
8.923205574912891388e+08 4.545909734078216746e-01 4.930260823190555329e-03 -3.017013009756045611e-02 1.985815367322226951e-02 1.856761787602157626e-02 2.023785133553289081e-02
8.933240418118467331e+08 4.862514148926631030e-01 2.694636740166917246e-02 -5.216748278549050710e-02 2.135410518527406515e-02 1.964139484644194730e-02 1.849211786009086547e-02
8.943275261324042082e+08 4.858492855005855371e-01 6.435667299408536976e-03 -3.162070130227048054e-02 2.031850334788724149e-02 1.883150720263115571e-02 1.990731701243024163e-02
8.953310104529616833e+08 4.698851861510244809e-01 1.038170602642033216e-02 -4.549083656153006527e-02 2.030724370692689809e-02 1.961257874146024940e-02 2.003114643254504806e-02
8.963344947735191584e+08 4.509748396783018198e-01 4.891523085285910677e-02 -4.201301163259981569e-02 1.960816424265798483e-02 1.992760126170752336e-02 1.969843129097798365e-02
8.973379790940766335e+08 4.655837258742395179e-01 1.721552871563761591e-03 5.407530122307890180e-03 1.898615550898172938e-02 2.083631766878921154e-02 1.969385979958157215e-02
8.983414634146341085e+08 4.759437521214701095e-01 1.227374538346972903e-02 -3.915383626133128736e-02 1.968123421870271450e-02 2.104752032221786709e-02 1.927921852906392189e-02
8.993449477351915836e+08 4.674259217110617870e-01 -4.367022784292437509e-02 -1.698096765356944815e-02 2.239624456557917642e-02 1.960706099416153689e-02 1.945572814521381519e-02
9.003484320557491779e+08 4.599535863897956101e-01 -3.555769027289874817e-02 2.289093943294859268e-02 2.080885362471315836e-02 2.072630475496475486e-02 2.067449086209851780e-02
9.013519163763066530e+08 4.672040047140685881e-01 -2.681976766533133993e-02 -4.179224517031163155e-02 1.970582686706340639e-02 2.101977304563560842e-02 1.975905288157446538e-02
9.023554006968641281e+08 4.510097675466362421e-01 1.217574788942349384e-02 -1.127928191512974666e-02 1.979072985046297431e-02 2.170346700371805077e-02 1.839070407598655810e-02
9.033588850174216032e+08 4.648966993611858833e-01 -3.471028202456184764e-02 -1.399753647321710405e-02 1.980643867825633911e-02 1.941691009425949160e-02 2.022518029845779899e-02
9.043623693379790783e+08 4.654894632209150562e-01 -1.935424566485325487e-03 3.367673748966550085e-03 2.184535679454686560e-02 1.816901198878840759e-02 2.152566554641639068e-02
9.053658536585365534e+08 4.367248564370347919e-01 -2.885264726421028769e-02 -2.918100936460998884e-02 1.959243941648945025e-02 2.128222546121592493e-02 2.014694186488942204e-02
9.063693379790940285e+08 4.487147533692795176e-01 -2.824661406822976534e-02 -3.777477571077996615e-02 2.070076756580721197e-02 2.366704117846559624e-02 1.964961617034468450e-02
9.073728222996516228e+08 4.758420304907717835e-01 -4.172792738037314764e-02 -8.136276333535225058e-03 1.965621828917953756e-02 1.900729741050630889e-02 1.984629173696139323e-02
9.083763066202090979e+08 4.740470658544068683e-01 -3.108376852742870608e-02 9.286492387726545672e-04 2.128454834298297571e-02 1.908780509867075148e-02 1.857430926602473067e-02
9.093797909407665730e+08 4.828996315782571047e-01 -3.376216039382432671e-02 -2.544305353704096571e-03 1.876397364496241657e-02 2.147639863548099493e-02 1.816515043759514211e-02
9.103832752613240480e+08 4.659994167781020269e-01 -1.159645737655757257e-02 -9.574544572582426721e-03 2.115281557042930985e-02 2.074847493661264794e-02 1.949458005662014007e-02
9.113867595818815231e+08 4.406242829607080469e-01 -5.633428348128328988e-02 3.904837759242790751e-02 2.038104467000020556e-02 2.109323321405371862e-02 2.090859954856741018e-02
9.123902439024389982e+08 4.666744030453552350e-01 4.201822888507837639e-03 -2.880066773757672741e-02 1.991747009421125647e-02 1.673190311344123493e-02 2.125821982534776763e-02
9.133937282229964733e+08 4.663637114392192307e-01 -2.596669471230285409e-02 1.028874556007857918e-02 1.840929944534660731e-02 2.081284234260152854e-02 2.058060129078558356e-02
9.143972125435540676e+08 4.713124857293042869e-01 -2.223493346962886197e-02 2.747590381649743334e-03 1.997058851844936422e-02 1.993325688585627711e-02 2.187951476548112908e-02
9.154006968641115427e+08 4.307008454325103042e-01 -7.447135818964667475e-03 6.711776847054999953e-03 1.695686789667070690e-02 1.967753736517521140e-02 2.016142875267919882e-02
9.164041811846690178e+08 4.426966069690175809e-01 -2.419371985213595103e-02 1.989084242316213266e-02 2.004666604824103041e-02 2.002695858290102354e-02 2.029755540280693896e-02
9.174076655052264929e+08 4.551774898022127869e-01 -1.040422347635371059e-02 -4.007821577160439186e-05 1.804638627070835263e-02 1.968347206771862978e-02 1.886555416473263344e-02
9.184111498257839680e+08 4.595660784467784366e-01 -2.269972816227405765e-02 -3.567923317704465441e-02 1.894889739523953134e-02 1.920121837524102135e-02 2.041268798934791837e-02
9.194146341463414431e+08 4.544996623609249276e-01 -4.843500415292415623e-02 -3.025499178209925186e-03 2.071300201712317907e-02 2.040888649578978184e-02 2.062888638270167149e-02
9.204181184668989182e+08 4.645486480047191780e-01 2.686755420934383576e-03 -2.615964115218989000e-03 2.047206836207456776e-02 2.289910393616310588e-02 1.956003494874426762e-02
9.214216027874563932e+08 4.400010300084335468e-01 -3.908167500981243880e-02 1.005199466780909434e-02 1.712893653837197980e-02 2.043717100879968024e-02 2.176001056364837427e-02
9.224250871080138683e+08 4.576408807815771085e-01 -7.278044803247915584e-02 -3.702032373303403012e-03 2.060769262333740984e-02 1.948047987409728607e-02 2.045224548336118178e-02
9.234285714285714626e+08 4.624250042682541695e-01 -3.183174470023748120e-02 3.367784417227118188e-02 2.093283828749586614e-02 1.996938288281624105e-02 2.169797488841611680e-02
9.244320557491289377e+08 4.901516620849909467e-01 -2.952019987242260335e-03 2.365029466720971682e-02 1.951823476443704727e-02 2.082262843798115062e-02 2.157778197470412024e-02
9.254355400696864128e+08 4.230507807521809993e-01 -3.841240562908188050e-02 2.092755085040912122e-02 2.152047439954277858e-02 2.076854072313067887e-02 1.919849271765073154e-02
9.264390243902438879e+08 4.619274794528044903e-01 -6.088232539012813915e-02 1.580154107012596634e-02 2.101736574442094815e-02 2.211798835547547012e-02 1.917058784305787633e-02
9.274425087108013630e+08 4.570505217344238424e-01 -6.255477670969544768e-02 1.692712508731069113e-02 1.998809516904645131e-02 2.278160343836830443e-02 2.086058819041726464e-02
9.284459930313588381e+08 4.607422699053229653e-01 -7.121127016901646067e-02 -1.608783143530710669e-04 1.896188645376531423e-02 2.066216737566081013e-02 1.873778287265281950e-02
9.294494773519163132e+08 4.528833460234996111e-01 -3.004276150928149314e-02 6.675974836181641781e-02 1.925485141104517697e-02 1.955191578165284272e-02 1.957461318014508053e-02
9.304529616724739075e+08 4.441496976001180208e-01 -3.534427318631118420e-02 4.292187920023347869e-02 1.995183511639953347e-02 2.068944371423820164e-02 2.089366586722913449e-02
9.314564459930313826e+08 4.762031066269600821e-01 -2.838112218088631802e-02 6.040556698430683130e-02 2.019872305894906267e-02 1.901050115116522179e-02 1.966111556753873460e-02
9.324599303135888577e+08 4.240299389733888646e-01 -2.817672238822417977e-02 2.638457506242631798e-02 1.952656651493590509e-02 1.999430671443274202e-02 1.853219992922021386e-02
9.334634146341463327e+08 4.473968720627296003e-01 -1.577430218992084687e-02 5.627471431924335743e-02 2.013367863329245874e-02 1.925902327700067251e-02 1.959510515667997263e-02
9.344668989547038078e+08 4.442894342952155018e-01 9.562602455884496727e-03 4.402208212627985173e-02 1.961074727066621295e-02 2.235442545631702999e-02 2.008349069772191048e-02
9.354703832752612829e+08 4.813930558474657784e-01 1.924030280268204662e-02 4.450436898248438800e-02 2.006523680349600602e-02 1.946380066678714271e-02 1.960162470659485012e-02
9.364738675958187580e+08 4.230770780790061303e-01 -3.856601130986605369e-02 2.872936180611266460e-02 1.997232592180398295e-02 1.960160626384884613e-02 1.896170830109426136e-02
9.374773519163763523e+08 4.257594665452489324e-01 -1.646057139036030681e-02 7.982952154553021873e-02 2.166732287361536335e-02 1.783537099523671912e-02 2.081111819760435647e-02
9.384808362369338274e+08 4.523894834128511788e-01 -2.525981017791745567e-03 6.234347704669375434e-02 2.184044037717425626e-02 1.978888470299659114e-02 2.115309528523951627e-02
9.394843205574913025e+08 4.439931939149778795e-01 2.906778294710802082e-02 4.567232550026853466e-02 1.991171968383396301e-02 2.108336530314357249e-02 1.983471759085500205e-02
9.404878048780487776e+08 4.646286330302069612e-01 -9.816628917364626089e-03 5.717401832667664413e-02 2.034186797031988653e-02 1.816859608312896418e-02 1.923204581182169984e-02
9.414912891986062527e+08 4.668603111045132037e-01 -2.156146787825665226e-02 4.863371712852004869e-02 2.172291011732467927e-02 1.863854661200931018e-02 1.839056439007190347e-02
9.424947735191637278e+08 4.405440178129602646e-01 1.043819904420788432e-02 7.185355061923057174e-02 2.072601228673728174e-02 1.836770228103192307e-02 2.064783693450652352e-02
9.434982578397212029e+08 4.213647876404962300e-01 9.464260465830560271e-03 5.327043196428210559e-02 2.097916347493187367e-02 2.033917259011679829e-02 1.948538958014937872e-02
9.445017421602787971e+08 4.213285483554432553e-01 -4.219021406775481237e-02 4.200066641839531739e-02 2.002379011376290846e-02 1.914841832274052219e-02 2.050555926896343445e-02
9.455052264808362722e+08 4.319616576288905496e-01 2.841147791136797857e-02 5.913981523680693353e-02 1.968112562778198335e-02 1.982521912787348767e-02 1.968648073548626143e-02
9.465087108013937473e+08 4.342892504545426413e-01 -3.416558783705700431e-02 4.937103826802465012e-03 1.887872277340306437e-02 1.869046395951892703e-02 1.900703813681511173e-02
9.475121951219512224e+08 4.234398786965271611e-01 6.844419506781157514e-02 6.628091876313928210e-02 1.830284219489698716e-02 1.960147350590503434e-02 2.008224865221392569e-02
9.485156794425086975e+08 4.344075469540993883e-01 3.716949148436804289e-03 9.578572362405993190e-02 1.924547417443009389e-02 1.869330005399103337e-02 2.221661460172763905e-02
9.495191637630661726e+08 4.363427218270725660e-01 1.427704039289655509e-02 6.874073514192159673e-02 2.048723200196956792e-02 1.856076408270813938e-02 2.115665596754364580e-02
9.505226480836236477e+08 4.683142397556702696e-01 6.199687886596418410e-03 2.374559051925161091e-02 2.045314016459907555e-02 2.092453422947626596e-02 1.966363914164974414e-02
9.515261324041812420e+08 4.541821414217639408e-01 5.445208380669372406e-02 8.484696940537551912e-02 2.020875156587385868e-02 2.008568754071817300e-02 2.013107465151816461e-02
9.525296167247387171e+08 4.574340603416808815e-01 1.156962105284493197e-02 3.375642078417187553e-02 2.143253965028279681e-02 2.063183251518295458e-02 2.124709531401414164e-02
9.535331010452961922e+08 4.226493070647825978e-01 5.032343629027936915e-02 1.579125302114559037e-02 1.971838571583898331e-02 1.856860802199448296e-02 1.854635236867170286e-02
9.545365853658536673e+08 4.342321269464810007e-01 2.660623245727963132e-02 4.883935752536731206e-02 1.977958352184807853e-02 1.901387477127705269e-02 1.976045004464211177e-02
9.555400696864111423e+08 4.146788248782923847e-01 5.093788064659762055e-03 3.672692303039874762e-02 2.014106273650032725e-02 1.996525043534471550e-02 2.006521364706601723e-02
9.565435540069686174e+08 4.486723185365251720e-01 3.965517209183676284e-02 4.971184200789115215e-02 1.950888129467669499e-02 1.859755808233985036e-02 1.968787413339051495e-02
9.575470383275260925e+08 4.146487485084889846e-01 2.301859666270527488e-02 4.616953013321237198e-02 1.903180075113592232e-02 2.062005264933153281e-02 2.091666103022308057e-02
9.585505226480836868e+08 4.521129352865339013e-01 1.117468784075828503e-03 2.878404790282405173e-02 2.003708147202539272e-02 1.938025394987161892e-02 2.113829041144568710e-02
9.595540069686410427e+08 4.485160402944952107e-01 -2.254435271312707489e-03 7.590425465688681317e-02 1.814020697231918250e-02 1.915851966261791772e-02 2.027592389763708744e-02
9.605574912891986370e+08 4.480999000154414769e-01 4.543790050835064265e-03 3.095293410664311934e-02 2.062819946862205767e-02 2.158302408195664907e-02 1.931248100718171989e-02
9.615609756097561121e+08 4.247061980215424137e-01 2.574913993264691878e-02 5.019454732787810569e-02 2.070007070167970836e-02 1.912105800417651311e-02 2.250016285724747850e-02
9.625644599303135872e+08 4.484802560170031427e-01 6.275572901877274345e-02 3.087336338293029253e-02 2.191916320348306912e-02 2.237891369746932910e-02 1.868497646967319861e-02
9.635679442508710623e+08 4.631139620634382448e-01 2.398353212246825267e-02 2.217629905670198687e-02 1.827302262637230459e-02 1.938119453569321637e-02 1.953732751086026745e-02
9.645714285714285374e+08 4.500759172621732751e-01 1.689526696572267450e-02 1.954816173910640248e-02 1.911065621785507443e-02 1.800436561447429223e-02 2.068055780110368558e-02
9.655749128919861317e+08 4.749336108083537789e-01 7.401119105026499057e-02 7.422018843700686763e-02 2.047078440772796826e-02 2.137991909762479090e-02 2.037443972195663103e-02
9.665783972125434875e+08 4.525541218862012549e-01 7.081695421464381801e-02 1.391421693186726052e-02 1.946512487252266901e-02 2.138084087262865848e-02 1.871720592751522499e-02
9.675818815331010818e+08 4.412950791832218056e-01 6.144484241511034839e-02 5.961407558510434246e-04 2.022994132904636089e-02 1.985455554211694451e-02 1.850045038279035312e-02
9.685853658536585569e+08 3.960057524205544688e-01 3.845015982657483400e-02 2.290829217440729440e-02 2.001878040079220489e-02 2.001416704478920991e-02 1.921312225018653730e-02
9.695888501742160320e+08 4.500959011087406481e-01 1.453032584923054371e-02 4.987234740509272068e-02 1.980316402763936112e-02 2.055195745039574418e-02 2.050154198579524564e-02
9.705923344947735071e+08 4.511853017422020051e-01 6.871264603283384897e-02 3.345247779106281377e-02 1.842886472964333847e-02 2.158152999072881703e-02 1.952662320873402996e-02
9.715958188153309822e+08 4.610005189521964031e-01 3.049946313771589174e-02 8.617436913744200983e-03 1.898307678757785166e-02 2.074098199421463978e-02 1.898813370501221259e-02
9.725993031358884573e+08 4.572179978194981786e-01 6.966271003120511063e-02 3.146252352817691805e-02 2.043524460352797237e-02 2.111268677206962902e-02 2.070848338465294813e-02
9.736027874564459324e+08 4.300639384737576232e-01 7.662254847509539224e-02 3.286350714255970029e-02 2.022283930493070855e-02 1.953612486633794082e-02 2.266202647042901697e-02
9.746062717770035267e+08 4.573691513236820549e-01 1.105413235458020255e-01 2.012391868806239978e-02 1.842345712192455104e-02 2.038968517886197498e-02 1.919039190110882059e-02
9.756097560975610018e+08 4.388109929662022957e-01 8.194037531905698502e-02 8.318008392720357969e-03 2.125350219406074020e-02 1.955518528342970602e-02 1.951980168537191182e-02
9.766132404181184769e+08 4.557222168994680689e-01 7.842913267026940805e-02 2.352141235098209604e-02 1.888097572549342698e-02 2.067843079502218809e-02 2.056256703418336829e-02
9.776167247386759520e+08 4.260212733540094665e-01 5.554097061870000296e-02 3.776690643360469148e-03 2.015828988512341144e-02 2.074806449952526152e-02 1.971285774076133798e-02
9.786202090592334270e+08 4.210004497127382561e-01 8.628529206993483525e-02 1.796891146491020122e-02 2.219975880271301757e-02 2.029998613649127565e-02 2.070543235567629675e-02
9.796236933797909021e+08 4.501358622317105929e-01 6.371877560181926636e-02 1.775057774161305918e-02 2.091423359836231191e-02 2.037604609390012561e-02 2.013499738588673399e-02
9.806271777003483772e+08 4.429514838961892131e-01 8.249347114615654397e-02 -2.049791043431197293e-02 2.015306510611512836e-02 2.022842746463004299e-02 1.925380851103862881e-02
9.816306620209059715e+08 4.483496994035213734e-01 4.166821714922042119e-02 -1.913746923388029778e-02 1.887956657965142448e-02 2.297397287665300589e-02 1.841495921945642683e-02
9.826341463414634466e+08 4.185568223811522159e-01 7.371557276912632517e-02 -2.712124584373743624e-02 1.922767298818483378e-02 1.964841297546340501e-02 1.837173509263123616e-02
9.836376306620209217e+08 4.262888875681833389e-01 5.737037199472347360e-02 8.294004237033383159e-03 1.950470704395388527e-02 1.948772909517249019e-02 1.926281400316738265e-02
9.846411149825783968e+08 4.217186849043358388e-01 1.091156363687884878e-01 -1.796686586440620487e-02 1.838912236861606903e-02 1.891992107788789679e-02 2.002383925481619059e-02
9.856445993031358719e+08 4.347938905329875592e-01 7.710440767252228766e-02 -1.577915565537289788e-02 2.101005450508974109e-02 1.967605407992953359e-02 2.101442881311358160e-02
9.866480836236933470e+08 4.706022248056429547e-01 8.166997552702127960e-02 -2.653470918287408747e-02 2.066233296780468215e-02 1.981246857515844492e-02 1.944322537207455320e-02
9.876515679442508221e+08 4.172823486282629668e-01 1.139479349342543690e-01 -2.449028853158247143e-02 2.047900627813507846e-02 2.167796996195352904e-02 2.039548684640687254e-02
9.886550522648084164e+08 4.285352047809231624e-01 6.561275452577965128e-02 -8.024197435885362800e-03 1.897097337968340139e-02 1.951510511734612027e-02 1.952712844476388668e-02
9.896585365853658915e+08 3.954885931159675683e-01 7.858952528516512104e-02 -2.196672624334927715e-03 2.010892203691011168e-02 2.334397720999283402e-02 2.053728631766035470e-02
9.906620209059233665e+08 4.551570115494949498e-01 5.422359993687106416e-02 -2.773519780864586171e-02 1.782704660771079058e-02 2.192926385480037724e-02 2.269147482297406704e-02
9.916655052264808416e+08 4.244461892673792036e-01 1.049543509351783810e-01 -1.000392107529293750e-02 1.908509868881415675e-02 1.978622643416274793e-02 1.857639816011342343e-02
9.926689895470383167e+08 3.971455010650861706e-01 6.436663379713203348e-02 -5.336913888888192292e-02 1.969995934429539727e-02 1.987405294435243275e-02 2.037653997564331868e-02
9.936724738675957918e+08 4.329879929774376746e-01 7.821386073698041730e-02 -2.125185930805942314e-02 2.061152818079107357e-02 1.943891314931378914e-02 2.045235113463168483e-02
9.946759581881532669e+08 4.475353304516191955e-01 6.693700193841950474e-02 -7.012871653466518085e-02 1.895471652465329643e-02 2.064452738748856139e-02 2.053151835775712461e-02
9.956794425087108612e+08 4.075949859867992742e-01 8.220684738902660216e-02 -3.243371976252930333e-02 1.813656686975809521e-02 1.949254944406224321e-02 1.955731609190735840e-02
9.966829268292682171e+08 4.183143965447764234e-01 4.575537832354223400e-02 -6.674203726752099552e-02 1.941777520544806998e-02 2.134685068862355109e-02 1.966717836056885299e-02
9.976864111498258114e+08 4.144553459924369410e-01 4.803215289616808575e-02 -3.803860011094493954e-02 1.983381347803290715e-02 1.972167861527585053e-02 1.943908410172039136e-02
9.986898954703832865e+08 3.892780694417906084e-01 7.125766899255539522e-02 -4.664565017749209425e-02 1.870415040324073172e-02 1.991847303185144066e-02 2.152833369776723307e-02
9.996933797909407616e+08 4.082693138314525960e-01 6.445791732184098788e-02 -7.436830572055949662e-02 1.957459578103757508e-02 1.982184165837663770e-02 1.956693006064305629e-02
1.000696864111498237e+09 4.094127095382271153e-01 8.294452805224075687e-02 -4.039758391412959920e-02 1.949303473943454421e-02 1.866052126565843211e-02 2.105422338386213690e-02
1.001700348432055712e+09 4.116508470292554733e-01 7.757861868931632821e-02 -7.861661199722451421e-02 1.937423024498290819e-02 1.961810779393758503e-02 2.121216566956763208e-02
1.002703832752613306e+09 4.335392568602851604e-01 4.728421048394158832e-02 -6.309162239489504720e-02 2.091083590534992612e-02 2.154820034485709079e-02 2.072357824116407427e-02
1.003707317073170662e+09 4.191470004411420591e-01 6.206341311436137931e-02 -5.614127345935608637e-02 1.943400653383547949e-02 1.867824258139215779e-02 2.058238821474620700e-02
1.004710801393728256e+09 4.219324424132481766e-01 6.926990144469018229e-02 -8.659627751086794445e-02 2.071726789183836112e-02 1.827748928449471344e-02 1.966676828048897693e-02
1.005714285714285731e+09 3.907476360575690144e-01 6.658559428624874488e-02 -6.762145295579763404e-02 2.126274728349365414e-02 1.901138408082265682e-02 2.004605010760744654e-02
1.006717770034843206e+09 4.326254757303976128e-01 1.617674163774695389e-02 -2.988978333185435959e-02 1.998335986513824145e-02 2.017475196701717238e-02 2.058560370207592957e-02
1.007721254355400681e+09 4.275262893777689310e-01 4.990268835024058713e-02 -9.695640852944042987e-02 2.075854417013739059e-02 2.016841316961878738e-02 2.100215264733843248e-02
1.008724738675958157e+09 4.237659672357078078e-01 2.425405176261159756e-02 -6.372852253631848540e-02 2.081132658009251374e-02 2.053421920546897109e-02 1.946614904952096228e-02
1.009728222996515632e+09 4.156932151518301088e-01 3.554373672677348106e-02 -5.880905805789256313e-02 1.807061050705575933e-02 1.865479053597776313e-02 2.077503326103765854e-02
1.010731707317073107e+09 4.341175527374369625e-01 1.780292602511449745e-02 -9.512706186563388289e-02 2.041658905283980779e-02 2.027152993148574264e-02 1.945300587744980617e-02
1.011735191637630701e+09 4.234657730432920264e-01 3.167269820763449206e-02 -7.290052619694560587e-02 1.970844728797324294e-02 1.949165843453842112e-02 2.029891544312836804e-02
1.012738675958188176e+09 4.298094941182164508e-01 1.949297308759896652e-02 -8.404689783999064190e-02 2.073978774837151665e-02 1.879861633747546140e-02 2.000204969469165581e-02
1.013742160278745651e+09 4.468681351259737311e-01 2.340721383601852487e-02 -9.006155528175899261e-02 1.950301710664922514e-02 2.058502987135942680e-02 2.219683070798622940e-02
1.014745644599303126e+09 4.559858170927382215e-01 8.175432391159043188e-02 -9.373193943867141886e-02 2.097681016661116088e-02 1.976996816595101569e-02 2.011454267194725046e-02
1.015749128919860601e+09 4.599132667160801824e-01 4.529386269749580834e-02 -9.144348293846601972e-02 1.930169127590250847e-02 2.023743890606596527e-02 2.222038020031170610e-02
1.016752613240418077e+09 4.189158411802729742e-01 8.744833922015617100e-03 -8.348952273109314093e-02 1.963819597977933470e-02 1.894780520112274852e-02 2.060660809087220754e-02
1.017756097560975552e+09 4.379159369834428883e-01 2.359672615325042119e-02 -9.024840157796132356e-02 1.898073410355524682e-02 1.995209511554972559e-02 1.992672346406745496e-02
1.018759581881533146e+09 3.963682676573211383e-01 1.187428123335304217e-02 -8.528744919845333838e-02 2.069620460427994829e-02 1.883249429270822742e-02 1.891512316441093175e-02
1.019763066202090621e+09 4.447621807309257158e-01 8.890900978405974486e-03 -9.025951637102673508e-02 1.895310295968124711e-02 2.011729409257035153e-02 1.967439259710626956e-02
1.020766550522648096e+09 4.171784777994442805e-01 3.149214938629301547e-02 -9.727896644248330837e-02 1.829702118297680744e-02 1.978145529473255768e-02 1.881756051492118262e-02
1.021770034843205571e+09 4.216657421164897723e-01 2.092047607422619498e-02 -9.372674047222946669e-02 2.126763553051907660e-02 1.942632009148358152e-02 1.798832118622199078e-02
1.022773519163763046e+09 4.464137829934849977e-01 -1.419587588887375254e-02 -9.851140335342919996e-02 2.206219882739956714e-02 1.952010342153882166e-02 2.108191425112699441e-02
1.023777003484320521e+09 4.071999857721921856e-01 3.890208707659004173e-02 -1.158284047427081409e-01 1.827098208904711849e-02 2.040360034289150082e-02 1.843118463042667243e-02
1.024780487804877996e+09 4.430291445202489964e-01 1.441129591139050405e-02 -1.211504730609426067e-01 2.101842479334441183e-02 2.095240897654123552e-02 2.050137491533889078e-02
1.025783972125435591e+09 3.852441249302906434e-01 -3.095618437550148178e-02 -1.089501954666413225e-01 2.022713707766640376e-02 2.065143645699682104e-02 1.893577178473093356e-02
1.026787456445993066e+09 4.324992020027521034e-01 1.143808122763329514e-02 -1.300691626103698817e-01 2.083687009752377417e-02 2.056696113074508656e-02 1.990470778141120722e-02
1.027790940766550541e+09 3.870905980024041959e-01 7.360932022042207187e-03 -7.297649281787196851e-02 2.042790583960828188e-02 1.884826045255579702e-02 2.048624563607870375e-02
1.028794425087108016e+09 4.250209871304946874e-01 2.010168124171444679e-02 -9.555489594296635858e-02 2.035398791913093502e-02 1.936082919618636183e-02 2.045353423111051852e-02
1.029797909407665491e+09 3.777867142015837731e-01 1.771771003505907480e-03 -1.224490401351357588e-01 1.919861607790591951e-02 2.131408234915384628e-02 2.006232460991003858e-02
1.030801393728222966e+09 4.401876130529218112e-01 -2.596398046563241219e-02 -1.278876300807600952e-01 1.905231633416641299e-02 2.059140789497295246e-02 1.953742012328451780e-02
1.031804878048780441e+09 4.018443983636517114e-01 -2.486920099362713299e-02 -8.336812367811638480e-02 1.981307935599032830e-02 1.976774374601788023e-02 2.105445056245893939e-02
1.032808362369338036e+09 4.303422572324221984e-01 -5.957306811127348334e-02 -1.283383552119305437e-01 2.080020743286005100e-02 2.016540313637107604e-02 2.091870988043285223e-02
1.033811846689895511e+09 4.133913062925999582e-01 -4.169495995453066650e-02 -1.191212674581604292e-01 2.081507202463690406e-02 2.001145800593146992e-02 1.837375216409882842e-02
1.034815331010452986e+09 4.328871904963933481e-01 -9.212266594026819258e-03 -1.096314861396009560e-01 2.042224161382742015e-02 1.937655288705206202e-02 1.885195983822477925e-02
1.035818815331010461e+09 3.999112234427279478e-01 -3.052391087832609373e-02 -8.798675454397109075e-02 1.997552375916059400e-02 1.944581386487616650e-02 2.124070623737319211e-02
1.036822299651567936e+09 4.010901815888449073e-01 -4.037029477415270823e-02 -7.736635580947706647e-02 1.960066948687763308e-02 1.989967456738982871e-02 1.883876435642987957e-02
1.037825783972125411e+09 4.255717646770115770e-01 1.057993447604994863e-03 -8.774747190609721859e-02 2.101935317843561454e-02 1.949442622828675628e-02 2.126702314577066585e-02
1.038829268292682886e+09 4.074607605192007709e-01 -2.861887672769586333e-02 -8.680601776662727476e-02 2.021617468660419706e-02 2.121602158346666198e-02 1.661684025833822659e-02
1.039832752613240480e+09 4.490019042575866814e-01 -5.686326442672871850e-02 -9.820222024473271305e-02 1.804761763072340944e-02 2.011144057602397284e-02 2.148040454841628963e-02
1.040836236933797836e+09 4.136470802442428485e-01 -4.711366010876180677e-02 -9.357989428946551780e-02 2.014134926950925802e-02 1.967429056182185346e-02 2.166419459274842793e-02
1.041839721254355431e+09 3.933423269176808956e-01 -1.802345659957573648e-02 -1.037696901751390538e-01 2.061574765470991152e-02 2.019530013385896494e-02 2.156625122232521882e-02
1.042843205574912906e+09 4.000334409049111639e-01 -4.394238915656348970e-02 -1.047568451344516455e-01 2.139223939052242382e-02 1.947306861353108320e-02 1.939584353150506854e-02
1.043846689895470381e+09 3.801123746330337116e-01 -5.074386481855987924e-02 -7.858119422451931291e-02 1.990685457230873673e-02 2.046380229123301656e-02 2.075435969900869468e-02
1.044850174216027856e+09 3.962844107834245233e-01 -5.103800125993856324e-02 -1.128410611661442020e-01 1.926864984854223181e-02 2.151063530623576955e-02 2.033739699112166108e-02
1.045853658536585331e+09 4.169258881569839481e-01 -6.308286934322111794e-02 -2.223332572498734616e-02 1.976860956699811114e-02 1.924712755370914380e-02 2.054142989670717720e-02
1.046857142857142925e+09 4.101169842660717380e-01 -9.599861154390949836e-02 -8.598175603587726590e-02 2.075191383242451851e-02 2.061362590527856392e-02 2.033240271012311598e-02
1.047860627177700281e+09 4.232031302883346724e-01 -5.436311949124726650e-02 -5.532805749189322747e-02 2.180962034987732681e-02 1.952639403394467940e-02 1.921140657600550403e-02
1.048864111498257875e+09 3.964479027584280613e-01 -9.441619313112277478e-02 -7.403473511370020632e-02 1.790313587651991278e-02 2.021505365993676515e-02 1.868501505668352519e-02
1.049867595818815351e+09 4.223960623783011292e-01 -6.190967815883767489e-02 -9.165019972428643802e-02 2.173167199332851421e-02 2.026758557777763592e-02 1.916570368528823509e-02
1.050871080139372826e+09 4.068810959634487356e-01 -6.360526018861238640e-02 -1.067721638247081661e-01 2.156914202727986882e-02 1.994471191372980401e-02 1.782132897607656419e-02
1.051874564459930301e+09 4.339760359886412067e-01 -6.400414207458385296e-02 -6.699543766505447473e-02 2.107140949962041376e-02 2.143627003375409706e-02 2.161271193199416213e-02
1.052878048780487776e+09 4.310767296454134923e-01 -7.318807598241752754e-02 -8.347758304574731669e-02 1.980567459293019680e-02 2.006271430258311020e-02 2.295990265003883604e-02
1.053881533101045251e+09 3.896297006239674010e-01 -1.070350099136720967e-01 -1.012008457299772013e-01 2.101504748983190271e-02 1.936837270525222296e-02 2.002286476530929643e-02
1.054885017421602726e+09 4.127466873488003229e-01 -1.029902439516900969e-01 -1.040482212304026377e-01 1.916516761127783075e-02 2.130810443135322529e-02 2.042516763829948373e-02
1.055888501742160320e+09 4.425304407249856520e-01 -9.139433186429714306e-02 -1.317161965623289965e-01 1.983357300502626430e-02 1.852801572918127970e-02 2.104941433082394703e-02
1.056891986062717795e+09 4.049699544677317631e-01 -7.269340406572184776e-02 -9.980107653997867534e-02 2.031054163934062004e-02 1.965043944229829739e-02 2.089754442977568086e-02
1.057895470383275270e+09 4.174790724059277980e-01 -7.826559260617386993e-02 -7.971706916854520708e-02 2.196183248483607117e-02 1.752454129512754852e-02 1.984270103736029273e-02
1.058898954703832746e+09 4.040880284683385226e-01 -7.261328239354228331e-02 -5.554931790401552993e-02 2.162631981191153602e-02 1.874278091674285579e-02 2.067449832435871299e-02
1.059902439024390221e+09 4.074993760441009694e-01 -9.778742290051449515e-02 -7.788726457433556294e-02 2.203876627256401780e-02 1.950287637597107951e-02 1.968668157243304642e-02
1.060905923344947696e+09 4.214161240875207159e-01 -9.047357864563479457e-02 -6.247386217395645841e-02 1.887797735856961562e-02 1.878294490778360457e-02 1.942569401743684046e-02
1.061909407665505171e+09 4.049274479230121626e-01 -1.139637616393713165e-01 -5.095839337196637203e-02 2.002879133073983547e-02 2.050837854723986178e-02 2.016624223920287021e-02
1.062912891986062765e+09 4.120845968647754987e-01 -1.187029278985460845e-01 -7.190763538026162527e-02 2.013591342088133854e-02 2.012533291499541202e-02 2.149378733583622025e-02
1.063916376306620240e+09 4.385845852904828313e-01 -1.034536171042891028e-01 -5.155880070684834560e-02 2.030083819729847430e-02 1.988715747763998218e-02 2.008058711006879479e-02
1.064919860627177715e+09 3.988352303420393263e-01 -1.242857969945567881e-01 -7.758584126826487126e-02 2.033500745514752253e-02 2.041315183686708695e-02 1.835677282435206267e-02
1.065923344947735190e+09 4.314127557386923661e-01 -1.043020551745607316e-01 -4.778036025495309425e-02 2.004429283833180156e-02 2.020580616513767760e-02 1.985045447902208937e-02
1.066926829268292665e+09 3.873422480102459708e-01 -9.430167942919590041e-02 -3.932838063487731350e-02 2.063740638180194126e-02 2.159545250633166172e-02 1.951131946102828418e-02
1.067930313588850141e+09 4.363136613818444087e-01 -1.218903129461655493e-01 -3.604681301662605863e-02 1.920581472797639952e-02 1.993049839608055512e-02 1.890847770917079146e-02
1.068933797909407616e+09 4.320551552794960060e-01 -1.195846697723157021e-01 -3.503529159050661201e-02 2.106289388017076533e-02 2.030910564638322910e-02 1.844309563300566487e-02
1.069937282229965210e+09 3.762089505790582877e-01 -1.280901538581198096e-01 -4.198366597574355874e-02 1.946113828741069182e-02 1.930172054335493187e-02 2.071161868958905361e-02
1.070940766550522566e+09 3.873874648848210644e-01 -1.204493243162767790e-01 -4.122133820088297318e-02 2.032576776389144815e-02 2.074712614119252410e-02 2.109951186576364615e-02
1.071944250871080160e+09 4.056643433883407313e-01 -8.992001356736023521e-02 -7.096358051924281374e-03 2.060248332331964319e-02 1.866266097875326005e-02 1.859121005538505109e-02
1.072947735191637635e+09 3.866569183463815507e-01 -1.095338075515778498e-01 -3.178711041461781267e-02 1.898791641587774595e-02 1.969065778060116040e-02 2.055799244923515665e-02
1.073951219512195110e+09 3.973068585008319720e-01 -1.149688904987293953e-01 -2.238662482569005185e-02 1.913214033788974977e-02 1.846854796835102272e-02 2.179445383484153800e-02
1.074954703832752705e+09 3.620699114274246733e-01 -1.654275663496996007e-01 -3.960926377058066050e-02 1.817595270531712978e-02 1.983381764065560507e-02 2.045650761756537608e-02
1.075958188153310061e+09 4.371255295349807390e-01 -1.218671959835021801e-01 -3.218812355607086895e-03 1.953433628173994671e-02 2.125839884558492279e-02 1.922634777696564587e-02
1.076961672473867655e+09 4.126349774968094408e-01 -1.357903561469676890e-01 5.065626605618461786e-03 2.131305060905619789e-02 1.757627059718437634e-02 1.993151707192229033e-02
1.077965156794425011e+09 4.352375934499588817e-01 -1.224421883482252060e-01 5.363270638445265248e-04 2.053179128891561081e-02 2.041994488004591005e-02 2.128073081983347659e-02
1.078968641114982605e+09 4.437818356877197279e-01 -1.514801582692543447e-01 -3.598605047095086024e-03 1.881292412906944780e-02 1.840542208010604100e-02 1.911365963771227347e-02
1.079972125435540199e+09 4.368734930245585790e-01 -1.224058566309533247e-01 7.522963473336821694e-03 2.008323424815317351e-02 2.082801588819275032e-02 2.131096232828920065e-02
1.080975609756097555e+09 4.256410317380150410e-01 -1.148848965332655986e-01 5.138735762233781479e-03 1.811233217858673403e-02 2.061882779873101118e-02 2.171879584327650325e-02
1.081979094076654911e+09 4.410008940884164730e-01 -1.467543257187905459e-01 -9.323299478702565604e-03 2.026130784891447961e-02 1.968947913106220554e-02 1.791906151207437597e-02
1.082982578397212505e+09 4.188015853305945835e-01 -1.386043186614407952e-01 3.077843186337751724e-02 2.063991674936782247e-02 2.064884893087214068e-02 1.868611063733504121e-02
1.083986062717770100e+09 4.123928177114142279e-01 -1.487407742287573664e-01 1.232553838546591833e-02 1.911559815053184841e-02 2.110494907341574009e-02 1.876343446060401571e-02
1.084989547038327456e+09 4.403197917684479878e-01 -1.532053578327336740e-01 1.423184860805401172e-02 1.911699973744187056e-02 2.058276242902076433e-02 2.010566742378689167e-02
1.085993031358885050e+09 3.886599042299265228e-01 -1.727447487521076297e-01 3.338251323193745790e-02 2.218071099480675018e-02 1.976007935784824046e-02 1.901175141059655363e-02
1.086996515679442406e+09 3.939532535100235267e-01 -1.539484730248732169e-01 3.885232899549086183e-02 1.929676768046353214e-02 1.988794972691589058e-02 1.833862853990236505e-02
1.088000000000000000e+09 4.266659435669054590e-01 -1.409822209293532524e-01 2.163777808744326778e-02 2.007537595241729381e-02 1.859399845665663659e-02 1.990928443097355477e-02
