8.000000000000000000e+08 2.490418212890625000e+03
8.010034560000000000e+08 2.748360839843750000e+03
8.020069760000000000e+08 2.319853027343750000e+03
8.030104320000000000e+08 2.353315185546875000e+03
8.040139520000000000e+08 2.828711914062500000e+03
8.050174080000000000e+08 2.491442382812500000e+03
8.060209280000000000e+08 2.272617919921875000e+03
8.070243840000000000e+08 2.405418212890625000e+03
8.080279040000000000e+08 2.720343505859375000e+03
8.090313600000000000e+08 2.457789062500000000e+03
8.100348160000000000e+08 2.561457519531250000e+03
8.110383360000000000e+08 2.686491699218750000e+03
8.120417920000000000e+08 2.802761962890625000e+03
8.130453120000000000e+08 2.176744140625000000e+03
8.140487680000000000e+08 2.325340820312500000e+03
8.150522880000000000e+08 2.719651123046875000e+03
8.160557440000000000e+08 2.106111328125000000e+03
8.170592640000000000e+08 2.379269531250000000e+03
8.180627200000000000e+08 2.609877929687500000e+03
8.190661760000000000e+08 2.761133300781250000e+03
8.200696960000000000e+08 2.423070800781250000e+03
8.210731520000000000e+08 2.787909912109375000e+03
8.220766720000000000e+08 2.292290283203125000e+03
8.230801280000000000e+08 2.578661376953125000e+03
8.240836480000000000e+08 2.211454589843750000e+03
8.250871040000000000e+08 2.349266601562500000e+03
8.260906240000000000e+08 2.443760253906250000e+03
8.270940800000000000e+08 2.718913330078125000e+03
8.280975360000000000e+08 2.217025878906250000e+03
8.291010560000000000e+08 2.761479003906250000e+03
8.301045120000000000e+08 2.539869384765625000e+03
8.311080320000000000e+08 2.746062988281250000e+03
8.321114880000000000e+08 2.478412353515625000e+03
8.331150080000000000e+08 2.386609375000000000e+03
8.341184640000000000e+08 2.612512939453125000e+03
8.351219200000000000e+08 2.595345458984375000e+03
8.361254400000000000e+08 2.483017333984375000e+03
8.371288960000000000e+08 2.751823486328125000e+03
8.381324160000000000e+08 2.490746093750000000e+03
8.391358720000000000e+08 2.231376708984375000e+03
8.401393920000000000e+08 2.760150878906250000e+03
8.411428480000000000e+08 2.710062500000000000e+03
8.421463680000000000e+08 2.773352050781250000e+03
8.431498240000000000e+08 2.652831054687500000e+03
8.441532800000000000e+08 2.350379150390625000e+03
8.451568000000000000e+08 2.535970458984375000e+03
8.461602560000000000e+08 2.956440673828125000e+03
8.471637760000000000e+08 2.784955566406250000e+03
8.481672320000000000e+08 2.647670166015625000e+03
8.491707520000000000e+08 2.225503662109375000e+03
8.501742080000000000e+08 2.327727050781250000e+03
8.511777280000000000e+08 2.210365966796875000e+03
8.521811840000000000e+08 2.529798828125000000e+03
8.531846400000000000e+08 2.287535400390625000e+03
8.541881600000000000e+08 2.803132568359375000e+03
8.551916160000000000e+08 2.560991455078125000e+03
8.561951360000000000e+08 2.597706787109375000e+03
8.571985920000000000e+08 2.674084472656250000e+03
8.582021120000000000e+08 2.610513427734375000e+03
8.592055680000000000e+08 2.270876220703125000e+03
8.602090880000000000e+08 2.602604003906250000e+03
8.612125440000000000e+08 2.035283813476562500e+03
8.622160000000000000e+08 2.645860351562500000e+03
8.632195200000000000e+08 2.591077392578125000e+03
8.642229760000000000e+08 2.466188964843750000e+03
8.652264960000000000e+08 2.382226074218750000e+03
8.662299520000000000e+08 2.585410400390625000e+03
8.672334720000000000e+08 2.726619873046875000e+03
8.682369280000000000e+08 2.519557373046875000e+03
8.692404480000000000e+08 2.354599609375000000e+03
8.702439040000000000e+08 2.206347412109375000e+03
8.712473600000000000e+08 2.344678222656250000e+03
8.722508800000000000e+08 2.206113769531250000e+03
8.732543360000000000e+08 2.230856201171875000e+03
8.742578560000000000e+08 2.475340087890625000e+03
8.752613120000000000e+08 2.537619384765625000e+03
8.762648320000000000e+08 2.530638916015625000e+03
8.772682880000000000e+08 2.550206787109375000e+03
8.782718080000000000e+08 2.834431396484375000e+03
8.792752640000000000e+08 2.822187011718750000e+03
8.802787200000000000e+08 2.457232666015625000e+03
8.812822400000000000e+08 2.431333007812500000e+03
8.822856960000000000e+08 2.051433593750000000e+03
8.832892160000000000e+08 2.424610839843750000e+03
8.842926720000000000e+08 2.681288085937500000e+03
8.852961920000000000e+08 2.713611572265625000e+03
8.862996480000000000e+08 2.450436523437500000e+03
8.873031040000000000e+08 2.491807861328125000e+03
8.883066240000000000e+08 2.670716064453125000e+03
8.893100800000000000e+08 2.518152832031250000e+03
8.903136000000000000e+08 2.642833007812500000e+03
8.913170560000000000e+08 2.746864501953125000e+03
8.923205760000000000e+08 2.608178466796875000e+03
8.933240320000000000e+08 2.844365234375000000e+03
8.943275520000000000e+08 2.608900146484375000e+03
8.953310080000000000e+08 2.616142089843750000e+03
8.963344640000000000e+08 2.783204345703125000e+03
8.973379840000000000e+08 2.313249267578125000e+03
8.983414400000000000e+08 3.026900634765625000e+03
8.993449600000000000e+08 2.801433593750000000e+03
9.003484160000000000e+08 2.451215332031250000e+03
9.013519360000000000e+08 2.552096679687500000e+03
9.023553920000000000e+08 2.513791992187500000e+03
9.033589120000000000e+08 2.800064453125000000e+03
9.043623680000000000e+08 2.476981445312500000e+03
9.053658240000000000e+08 2.442723632812500000e+03
9.063693440000000000e+08 2.837699951171875000e+03
9.073728000000000000e+08 2.725252929687500000e+03
9.083763200000000000e+08 2.602481445312500000e+03
9.093797760000000000e+08 2.918294433593750000e+03
9.103832960000000000e+08 2.432318603515625000e+03
9.113867520000000000e+08 2.331764892578125000e+03
9.123902720000000000e+08 2.401051269531250000e+03
9.133937280000000000e+08 2.400691162109375000e+03
9.143971840000000000e+08 2.550338378906250000e+03
9.154007040000000000e+08 2.554324218750000000e+03
9.164041600000000000e+08 2.348114013671875000e+03
9.174076800000000000e+08 2.400638427734375000e+03
9.184111360000000000e+08 2.550469238281250000e+03
9.194146560000000000e+08 2.378271972656250000e+03
9.204181120000000000e+08 2.429635253906250000e+03
9.214216320000000000e+08 2.602886962890625000e+03
9.224250880000000000e+08 2.298048828125000000e+03
9.234285440000000000e+08 2.557311035156250000e+03
9.244320640000000000e+08 2.459653076171875000e+03
9.254355200000000000e+08 2.474748291015625000e+03
9.264390400000000000e+08 2.702675537109375000e+03
9.274424960000000000e+08 2.523945556640625000e+03
9.284460160000000000e+08 2.443848876953125000e+03
9.294494720000000000e+08 2.547868896484375000e+03
9.304529920000000000e+08 2.661817138671875000e+03
9.314564480000000000e+08 2.749305908203125000e+03
9.324599040000000000e+08 2.254719482421875000e+03
9.334634240000000000e+08 2.509262695312500000e+03
9.344668800000000000e+08 2.948514648437500000e+03
9.354704000000000000e+08 2.637542236328125000e+03
9.364738560000000000e+08 2.575426757812500000e+03
9.374773760000000000e+08 2.625951416015625000e+03
9.384808320000000000e+08 2.604982910156250000e+03
9.394843520000000000e+08 2.606656738281250000e+03
9.404878080000000000e+08 2.379199951171875000e+03
9.414912640000000000e+08 2.755024902343750000e+03
9.424947840000000000e+08 2.549283447265625000e+03
9.434982400000000000e+08 2.508823486328125000e+03
9.445017600000000000e+08 2.554660156250000000e+03
9.455052160000000000e+08 2.518035644531250000e+03
9.465087360000000000e+08 2.637726562500000000e+03
9.475121920000000000e+08 2.689614990234375000e+03
9.485156480000000000e+08 2.486374023437500000e+03
9.495191680000000000e+08 2.536115966796875000e+03
9.505226240000000000e+08 2.388079589843750000e+03
9.515261440000000000e+08 2.545566650390625000e+03
9.525296000000000000e+08 2.406861816406250000e+03
9.535331200000000000e+08 2.390143798828125000e+03
9.545365760000000000e+08 2.628772949218750000e+03
9.555400960000000000e+08 2.728573242187500000e+03
9.565435520000000000e+08 2.620402099609375000e+03
9.575470080000000000e+08 2.217687500000000000e+03
9.585505280000000000e+08 2.297870117187500000e+03
9.595539840000000000e+08 2.623109863281250000e+03
9.605575040000000000e+08 2.467563720703125000e+03
9.615609600000000000e+08 2.662431152343750000e+03
9.625644800000000000e+08 2.724197021484375000e+03
9.635679360000000000e+08 2.632174804687500000e+03
9.645714560000000000e+08 2.507793457031250000e+03
9.655749120000000000e+08 2.508869384765625000e+03
9.665783680000000000e+08 2.504368164062500000e+03
9.675818880000000000e+08 2.629157958984375000e+03
9.685853440000000000e+08 2.270477294921875000e+03
9.695888640000000000e+08 2.161055419921875000e+03
9.705923200000000000e+08 2.650268554687500000e+03
9.715958400000000000e+08 2.474196289062500000e+03
9.725992960000000000e+08 2.245488525390625000e+03
9.736028160000000000e+08 2.503786621093750000e+03
9.746062720000000000e+08 2.427900634765625000e+03
9.756097280000000000e+08 2.396037353515625000e+03
9.766132480000000000e+08 2.618494628906250000e+03
9.776167040000000000e+08 2.189002929687500000e+03
9.786202240000000000e+08 2.637280273437500000e+03
9.796236800000000000e+08 2.630818115234375000e+03
9.806272000000000000e+08 2.364498291015625000e+03
9.816306560000000000e+08 2.246941894531250000e+03
9.826341760000000000e+08 2.693460693359375000e+03
9.836376320000000000e+08 2.601707031250000000e+03
9.846410880000000000e+08 2.334402099609375000e+03
9.856446080000000000e+08 2.622812500000000000e+03
9.866480640000000000e+08 2.416366210937500000e+03
9.876515840000000000e+08 2.277283447265625000e+03
9.886550400000000000e+08 2.792150634765625000e+03
9.896585600000000000e+08 2.660907226562500000e+03
9.906620160000000000e+08 2.329675292968750000e+03
9.916655360000000000e+08 2.523705810546875000e+03
9.926689920000000000e+08 2.453968750000000000e+03
9.936724480000000000e+08 2.388617431640625000e+03
9.946759680000000000e+08 2.474394287109375000e+03
9.956794240000000000e+08 2.301919189453125000e+03
9.966829440000000000e+08 2.549797851562500000e+03
9.976864000000000000e+08 2.637354003906250000e+03
9.986899200000000000e+08 2.391479736328125000e+03
9.996933760000000000e+08 2.440671875000000000e+03
1.000696896000000000e+09 2.770304443359375000e+03
1.001700352000000000e+09 2.334838867187500000e+03
1.002703808000000000e+09 2.362706298828125000e+03
1.003707328000000000e+09 2.486566894531250000e+03
1.004710784000000000e+09 2.240730224609375000e+03
1.005714304000000000e+09 2.829849853515625000e+03
1.006717760000000000e+09 2.434025878906250000e+03
1.007721280000000000e+09 2.455000732421875000e+03
1.008724736000000000e+09 2.522546875000000000e+03
1.009728192000000000e+09 2.271669921875000000e+03
1.010731712000000000e+09 2.607035644531250000e+03
1.011735168000000000e+09 2.357347656250000000e+03
1.012738688000000000e+09 2.633201416015625000e+03
1.013742144000000000e+09 2.668707763671875000e+03
1.014745664000000000e+09 2.502576171875000000e+03
1.015749120000000000e+09 2.605694335937500000e+03
1.016752640000000000e+09 2.378917968750000000e+03
1.017756096000000000e+09 2.407064697265625000e+03
1.018759552000000000e+09 2.473713134765625000e+03
1.019763072000000000e+09 2.292216552734375000e+03
1.020766528000000000e+09 2.290661376953125000e+03
1.021770048000000000e+09 2.799449951171875000e+03
1.022773504000000000e+09 2.693849365234375000e+03
1.023777024000000000e+09 2.340318847656250000e+03
1.024780480000000000e+09 2.391790039062500000e+03
1.025784000000000000e+09 2.207249511718750000e+03
1.026787456000000000e+09 2.441901123046875000e+03
1.027790912000000000e+09 2.577091796875000000e+03
1.028794432000000000e+09 2.693497802734375000e+03
1.029797888000000000e+09 2.377446044921875000e+03
1.030801408000000000e+09 2.664544189453125000e+03
1.031804864000000000e+09 2.645589599609375000e+03
1.032808384000000000e+09 2.566118164062500000e+03
1.033811840000000000e+09 2.447023437500000000e+03
1.034815360000000000e+09 2.513936767578125000e+03
1.035818816000000000e+09 2.324711914062500000e+03
1.036822272000000000e+09 2.531704589843750000e+03
1.037825792000000000e+09 2.231335937500000000e+03
1.038829248000000000e+09 2.372537597656250000e+03
1.039832768000000000e+09 2.272147460937500000e+03
1.040836224000000000e+09 2.256169189453125000e+03
1.041839744000000000e+09 2.460215576171875000e+03
1.042843200000000000e+09 2.441770507812500000e+03
1.043846720000000000e+09 2.542522705078125000e+03
1.044850176000000000e+09 2.527109619140625000e+03
1.045853632000000000e+09 2.407469482421875000e+03
1.046857152000000000e+09 2.759107421875000000e+03
1.047860608000000000e+09 2.165860351562500000e+03
1.048864128000000000e+09 2.415498291015625000e+03
1.049867584000000000e+09 2.518759765625000000e+03
1.050871104000000000e+09 2.289025390625000000e+03
1.051874560000000000e+09 2.756663330078125000e+03
1.052878080000000000e+09 2.417776611328125000e+03
1.053881536000000000e+09 2.322925781250000000e+03
1.054884992000000000e+09 2.702967285156250000e+03
1.055888512000000000e+09 2.304106689453125000e+03
1.056891968000000000e+09 2.595435058593750000e+03
1.057895488000000000e+09 2.392711425781250000e+03
1.058898944000000000e+09 2.391420410156250000e+03
1.059902464000000000e+09 2.395829833984375000e+03
1.060905920000000000e+09 2.490441650390625000e+03
1.061909376000000000e+09 2.744700683593750000e+03
1.062912896000000000e+09 2.652219482421875000e+03
1.063916352000000000e+09 2.228399414062500000e+03
1.064919872000000000e+09 2.314260742187500000e+03
1.065923328000000000e+09 2.324992919921875000e+03
1.066926848000000000e+09 2.336131591796875000e+03
1.067930304000000000e+09 2.798626464843750000e+03
1.068933824000000000e+09 2.523309814453125000e+03
1.069937280000000000e+09 2.348672607421875000e+03
1.070940736000000000e+09 2.377210205078125000e+03
1.071944256000000000e+09 2.382864257812500000e+03
1.072947712000000000e+09 2.550164062500000000e+03
1.073951232000000000e+09 2.376239990234375000e+03
1.074954752000000000e+09 2.485728515625000000e+03
1.075958144000000000e+09 2.662875732421875000e+03
1.076961664000000000e+09 2.160388183593750000e+03
1.077965184000000000e+09 2.406257080078125000e+03
1.078968704000000000e+09 2.663941894531250000e+03
1.079972096000000000e+09 2.584542236328125000e+03
1.080975616000000000e+09 2.629992919921875000e+03
1.081979136000000000e+09 2.319965332031250000e+03
1.082982528000000000e+09 2.327652587890625000e+03
1.083986048000000000e+09 2.206542236328125000e+03
1.084989568000000000e+09 2.313426513671875000e+03
1.085993088000000000e+09 2.134551025390625000e+03
1.086996480000000000e+09 2.318431640625000000e+03
1.088000000000000000e+09 2.373130615234375000e+03
