8.000000000000000000e+08 2.988754202132994031e+00 1.458497704767288239e+00 4.537725376159150725e-01 2.065430102660995720e-02 2.013718424339516061e-02 2.053107065958015634e-02
8.010034843205574751e+08 2.993745001842524456e+00 1.536900711531616448e+00 4.151972241638633432e-01 1.931462284258444323e-02 2.024900369923319371e-02 2.015636142431702360e-02
8.020069686411149502e+08 2.974757209729135710e+00 1.596555484842175021e+00 3.990166224107927762e-01 1.967180405814803260e-02 1.914357402405452574e-02 1.788580840099083386e-02
8.030104529616724253e+08 3.018571121565065241e+00 1.648222039796953808e+00 4.132347895418461148e-01 1.963370623542994367e-02 2.074667212165514502e-02 2.077457181534351008e-02
8.040139372822300196e+08 2.989468225129523482e+00 1.717301606751568288e+00 3.682563561478096603e-01 1.961521187429561552e-02 1.994947351618070464e-02 1.907119384144740845e-02
8.050174216027874947e+08 3.003424711200366470e+00 1.726213438095740127e+00 3.275707816143941797e-01 1.949405179904390231e-02 2.013897937560671370e-02 1.956606863757325357e-02
8.060209059233449697e+08 2.976177847064068516e+00 1.835151645308163326e+00 3.212919974723512651e-01 1.916105455998845866e-02 2.025269054478691724e-02 1.829141993410937292e-02
8.070243902439024448e+08 2.998486611821032266e+00 1.866666772697107790e+00 2.832007300871033362e-01 2.038466186825954943e-02 1.863767612929521922e-02 1.933162001351736506e-02
8.080278745644599199e+08 2.979726190193131785e+00 1.862155987976167104e+00 2.877411007060506898e-01 2.083190002046654207e-02 2.093452089106717651e-02 1.955569933845571068e-02
8.090313588850173950e+08 2.997618416435376076e+00 1.897304413307086657e+00 2.444066220102482923e-01 1.999951013526083538e-02 2.042828426887417087e-02 1.919518114096547753e-02
8.100348432055748701e+08 2.992105112986195525e+00 1.936655623225259193e+00 2.253359460679341675e-01 2.214073996699821370e-02 2.021057710218440023e-02 2.044945706553413095e-02
8.110383275261323452e+08 2.975883566436895222e+00 1.950963945831141411e+00 1.568636036875077078e-01 2.023416556666081736e-02 2.103794197285909634e-02 1.897182566924367556e-02
8.120418118466899395e+08 2.992168836958149392e+00 1.982727891150774191e+00 1.865664300513869556e-01 2.137435571985863911e-02 2.321712202393249810e-02 2.079354814637375884e-02
8.130452961672474146e+08 2.966006729185048485e+00 2.001493351351006922e+00 1.528325049055445362e-01 1.830125144346194180e-02 1.945173545914456736e-02 2.084582178424649809e-02
8.140487804878048897e+08 3.023482242512339546e+00 2.049290288357564549e+00 1.424387191914128215e-01 2.111845762633449489e-02 2.057224478385052610e-02 2.098652319497681246e-02
8.150522648083623648e+08 3.006782806607821268e+00 2.058119516522420422e+00 9.413442898562877914e-02 1.941626624296558315e-02 2.135119312179476619e-02 1.925011643487650748e-02
8.160557491289198399e+08 3.012698806419750852e+00 2.062941116877599512e+00 4.702981718249318877e-02 2.027105521588958362e-02 1.918140071098219795e-02 2.006092545577999042e-02
8.170592334494773149e+08 3.013484901902646396e+00 2.041408719093093627e+00 4.338158642326043340e-02 1.911567962028864684e-02 2.027340449206564699e-02 2.012089323874361943e-02
8.180627177700347900e+08 2.988414130796556378e+00 2.044651834956177527e+00 2.164874524564174701e-02 1.963408549382686386e-02 2.090907856042328178e-02 2.002450696809448746e-02
8.190662020905923843e+08 2.989948584790009356e+00 2.056875476526256907e+00 -1.343184566247728265e-02 2.080779677599314120e-02 2.039342867065161921e-02 1.884916453260841035e-02
8.200696864111498594e+08 3.007818393349762420e+00 2.085746452082757330e+00 -1.771411195914127101e-02 1.971096768107716626e-02 1.959946394062364594e-02 1.993604878344246156e-02
8.210731707317073345e+08 3.008936185972785005e+00 2.036089285756869316e+00 -4.957095140142640105e-02 1.933645120670684364e-02 2.178641633726999607e-02 2.063206388036575856e-02
8.220766550522648096e+08 2.994237074687420730e+00 2.005637338275013448e+00 -4.132832514012874103e-02 1.922160099566650945e-02 2.033540268525929270e-02 2.052941094060944938e-02
8.230801393728222847e+08 3.007783629990925078e+00 2.022116996932881605e+00 -6.907589068269111288e-02 2.062807689474061706e-02 2.004467463672237465e-02 1.883180509479726039e-02
8.240836236933797598e+08 3.007203023887990323e+00 1.997753998512709961e+00 -8.945728016177308117e-02 1.968807098691537777e-02 2.056920072021376292e-02 2.104482116424893565e-02
8.250871080139372349e+08 3.002333973316007043e+00 1.997613384780855039e+00 -6.865913710366100542e-02 2.031620501531089876e-02 2.020492257749847281e-02 2.065948610248836970e-02
8.260905923344948292e+08 3.020851407799543864e+00 2.025579207570253892e+00 -1.056216877256974385e-01 2.178547928128772224e-02 2.103920167540536748e-02 1.847407109272124898e-02
8.270940766550523043e+08 2.969173264859078731e+00 1.963905903914419104e+00 -7.956137485607830961e-02 1.800940788476538754e-02 2.014914687652261463e-02 1.919517113446577924e-02
8.280975609756097794e+08 3.022698535248219187e+00 1.919466725589693112e+00 -1.275915833610565264e-01 1.779113535784173847e-02 1.777423015583474292e-02 2.096934948314788105e-02
8.291010452961672544e+08 2.987066226837638450e+00 1.911736261881161303e+00 -1.459291582069853765e-01 1.998817806444202344e-02 2.077967157983010710e-02 1.951889943270422589e-02
8.301045296167247295e+08 2.981347158144821208e+00 1.868890399395234159e+00 -1.426080523671837685e-01 1.931708675868695768e-02 1.920211229425423591e-02 1.734679740169858819e-02
8.311080139372822046e+08 3.008925830125442236e+00 1.862893258914588790e+00 -1.324776811284077982e-01 2.217385913576042089e-02 1.840700369212764156e-02 1.982773712052624329e-02
8.321114982578396797e+08 3.020226233918435810e+00 1.876399141995676034e+00 -1.229141990596781669e-01 2.012754596062382370e-02 1.906455301259707066e-02 1.974761098017000643e-02
8.331149825783971548e+08 2.995130427740621659e+00 1.831403896346677884e+00 -1.512294124651578087e-01 1.944909489911540376e-02 1.930997750258942394e-02 1.979982816843897653e-02
8.341184668989547491e+08 3.021843367582898399e+00 1.769010187348080132e+00 -1.509878071250688458e-01 2.017684903861918441e-02 1.861395808754422176e-02 1.995021974788460661e-02
8.351219512195122242e+08 2.943838737806652617e+00 1.769825658845102900e+00 -1.267906358081538620e-01 1.939806694321665609e-02 1.928761080038022060e-02 2.022641661874677310e-02
8.361254355400696993e+08 2.992108825354048207e+00 1.753421693167246387e+00 -1.599682391974175943e-01 1.889067118662912659e-02 1.911630250952922605e-02 2.084811081967002586e-02
8.371289198606271744e+08 2.988156752923169623e+00 1.727560228319418911e+00 -1.432244321478176041e-01 1.889124044286570603e-02 1.944927342327749595e-02 1.988278047795569506e-02
8.381324041811846495e+08 3.008116842488113729e+00 1.649444993576754115e+00 -1.017028058652902633e-01 1.915537712296145126e-02 1.912561562767933071e-02 2.052939969448757188e-02
8.391358885017421246e+08 2.981049322884870456e+00 1.624261237084146048e+00 -1.333119115138536870e-01 1.918208368801951544e-02 2.047820246683887402e-02 2.196296576496321179e-02
8.401393728222995996e+08 3.020852640062837491e+00 1.576737105738855504e+00 -1.032703855989751118e-01 2.046379950943298318e-02 2.209981136661584578e-02 1.893239177838293083e-02
8.411428571428571939e+08 2.975520333593703270e+00 1.576107538823464216e+00 -6.499484750375533748e-02 1.950867704874179390e-02 2.133147648522498024e-02 2.106955202543794869e-02
8.421463414634146690e+08 2.974754572830528687e+00 1.550641038520988113e+00 -3.757741089603666707e-02 1.977732284617529993e-02 1.928145496516064233e-02 1.999200377462371017e-02
8.431498257839721441e+08 3.018766116947401823e+00 1.526503800803680866e+00 -1.881099435424754898e-02 1.829706941264320000e-02 2.067738520884189815e-02 1.890463030184504761e-02
8.441533101045296192e+08 2.997649750548823544e+00 1.481492259986245674e+00 -2.129437764645566999e-03 1.921194318620992464e-02 2.032001712705739510e-02 1.983557866110141274e-02
8.451567944250870943e+08 3.000487048732902728e+00 1.413711277876865458e+00 -2.981665802599475085e-02 1.981961168605967868e-02 1.906920254817104018e-02 2.022253306472091700e-02
8.461602787456445694e+08 2.973693378353156280e+00 1.376493569102139825e+00 1.755709075799462976e-02 2.069800859693991454e-02 1.866945430226311931e-02 2.270032640309268754e-02
8.471637630662020445e+08 2.974508098524383470e+00 1.385219617217350319e+00 7.392549132538586698e-02 2.102615202293375840e-02 1.928874202248144140e-02 2.045141393347035125e-02
8.481672473867595196e+08 3.026412325349960408e+00 1.297901392558209466e+00 2.716591772139469174e-02 2.035453103118683646e-02 2.053402834572115587e-02 2.142599451824291068e-02
8.491707317073171139e+08 2.989506467027581937e+00 1.305513296484354768e+00 9.402677945588841513e-02 2.097455756379202479e-02 1.975414393060208329e-02 1.999646234488411042e-02
8.501742160278745890e+08 2.989551706031007061e+00 1.300570464906922741e+00 1.071034628850543458e-01 2.119752607339450007e-02 1.917523155626058018e-02 2.041060151788438165e-02
8.511777003484320641e+08 3.013597299845479860e+00 1.242161940738414128e+00 1.284705291684916928e-01 1.830954674249453060e-02 2.061607467959996470e-02 2.149694307054840492e-02
8.521811846689895391e+08 2.991689818909898602e+00 1.229685192911937675e+00 1.860744078809485336e-01 2.005616987025905448e-02 2.054257057401686487e-02 1.962519928195464655e-02
8.531846689895470142e+08 2.996528249134549959e+00 1.208224174396113071e+00 2.031707645585498490e-01 1.945216804019903045e-02 1.798057329683942426e-02 2.080104596055215235e-02
8.541881533101044893e+08 3.014993312666656600e+00 1.168624814897867514e+00 2.148234713126110917e-01 1.985353755741758180e-02 1.938810043791487289e-02 2.045527444623651894e-02
8.551916376306619644e+08 2.970662418183730669e+00 1.132247625027231974e+00 2.748780063597935919e-01 2.005591276134353201e-02 1.917335816118714495e-02 1.903714488852886744e-02
8.561951219512195587e+08 3.001099401152385049e+00 1.117749366106948861e+00 2.987121184944574459e-01 2.185146797543834063e-02 1.903318300120941664e-02 2.047147195274575185e-02
8.571986062717770338e+08 2.959354039795792701e+00 1.127896698701410294e+00 3.233626626711720853e-01 1.867627946339706080e-02 2.313420212505308896e-02 2.204278058294437820e-02
8.582020905923345089e+08 3.026723173860055294e+00 1.055890138577908477e+00 3.660369018232466631e-01 2.186679810679975286e-02 1.934340540737027048e-02 2.081998628309249949e-02
8.592055749128919840e+08 3.008223765757886525e+00 1.029819895654834783e+00 3.840407451988146481e-01 2.123824818385985566e-02 1.821806637866654754e-02 1.914800148289633533e-02
8.602090592334494591e+08 2.984079358904885293e+00 1.001898715514295768e+00 4.119996661613726241e-01 1.910691438009745960e-02 1.970170146150766396e-02 2.003062983016203058e-02
8.612125435540069342e+08 3.016226317331903495e+00 1.037071712634043630e+00 4.538142674096297680e-01 1.889720559128030275e-02 1.942556824202613247e-02 2.062390295591655376e-02
8.622160278745644093e+08 2.976315939823077628e+00 9.802605257362252411e-01 4.712158622862150370e-01 1.969916784697859496e-02 1.776371365886474096e-02 2.130266173663459064e-02
8.632195121951220036e+08 3.001023659151712764e+00 9.584718126276041694e-01 5.196963944050060347e-01 2.029514173126223398e-02 1.992862038488597831e-02 1.960127411978958636e-02
8.642229965156794786e+08 3.003588823030403976e+00 9.463079516798117430e-01 5.439845620644967461e-01 1.862103419726637149e-02 2.086008083388952647e-02 2.033285148451803928e-02
8.652264808362369537e+08 2.993528383098291279e+00 9.070205650636892214e-01 6.120639809337896642e-01 2.096973446677104919e-02 2.115268921937975624e-02 1.982943142380534998e-02
8.662299651567944288e+08 3.001331848572475813e+00 9.542303610544697889e-01 6.316917982783980534e-01 2.045903619851776115e-02 1.941990762178424229e-02 2.113860046216071292e-02
8.672334494773519039e+08 2.988750224944252576e+00 8.930596084144002411e-01 6.537616649827240334e-01 2.035711944325167139e-02 1.885697699369173058e-02 2.157110535731850826e-02
8.682369337979093790e+08 2.973908086140213847e+00 9.084468963725059742e-01 6.623739060077197260e-01 1.961820230860645414e-02 1.987171470263979570e-02 1.912842811102425863e-02
8.692404181184668541e+08 2.985700901999979617e+00 8.533962305538648208e-01 7.415106265360922322e-01 2.058612472860846601e-02 2.003447847565385104e-02 2.005978910318239813e-02
8.702439024390244484e+08 2.969905523095256683e+00 8.419906640360205197e-01 7.207930130372572908e-01 1.829846471889099574e-02 1.983732352679069486e-02 2.172122618145715459e-02
8.712473867595819235e+08 3.004373731039181372e+00 8.903011980932559188e-01 7.820437974358079858e-01 1.918082993632461847e-02 1.841068774859171489e-02 2.126039671889599914e-02
8.722508710801393986e+08 2.983631489400718539e+00 8.866296773187327673e-01 8.376514953727121071e-01 1.992798579384002719e-02 2.070260190515249218e-02 2.072802245853952105e-02
8.732543554006968737e+08 2.980903104248999735e+00 8.446945225761383069e-01 8.560835897131525707e-01 1.930983807232415639e-02 2.023666747871379068e-02 2.030770492568848354e-02
8.742578397212543488e+08 2.993469455303314763e+00 8.794820709598994979e-01 8.518711459935410790e-01 1.930410147448652705e-02 2.004481505367494698e-02 1.992199247173970580e-02
8.752613240418118238e+08 2.998048717146490905e+00 8.480044431874067534e-01 8.796317267594018219e-01 2.033281691811189909e-02 2.086767964876578771e-02 2.089399368928687023e-02
8.762648083623692989e+08 3.022854632450199031e+00 8.320749473476513058e-01 9.349904264365218598e-01 2.168302195023922435e-02 1.888047044367523533e-02 1.916750560774142798e-02
8.772682926829268932e+08 3.012412929677543261e+00 8.401369127931095360e-01 9.844570634171431189e-01 1.859502013713150090e-02 2.059091723084005912e-02 2.016293506494329368e-02
8.782717770034843683e+08 3.000505365100399668e+00 7.839088788796972906e-01 9.688114174091411179e-01 2.133899169086028030e-02 1.917613728878939106e-02 2.017573164083949488e-02
8.792752613240418434e+08 2.950913156376142155e+00 8.349459883000116545e-01 1.012870777820450208e+00 1.931141767547692872e-02 1.959006792472277325e-02 1.935988168444989846e-02
8.802787456445993185e+08 2.975819501161274694e+00 8.201554445416019412e-01 1.045015307419841388e+00 1.968985790259270355e-02 1.713405428867510044e-02 2.155559603561974305e-02
8.812822299651567936e+08 3.004742929677943319e+00 7.913982051120754813e-01 1.052935808075712076e+00 1.960732617486259793e-02 2.001224498016507258e-02 2.068329036151339215e-02
8.822857142857142687e+08 3.006345965872709858e+00 8.295603680457277473e-01 1.063203439011355833e+00 2.061582143970460551e-02 2.034216830543663160e-02 1.918524081332350500e-02
8.832891986062717438e+08 3.026380157409381155e+00 8.103226091213864279e-01 1.060004379105864869e+00 2.050615585325000004e-02 1.921820094614867108e-02 2.085928546289546673e-02
8.842926829268292189e+08 3.005675205317196230e+00 8.009729107760336086e-01 1.113300646445255282e+00 2.007039945640314016e-02 2.161983140116421898e-02 2.020361063743598626e-02
8.852961672473866940e+08 3.048859369242175266e+00 8.101054701896811538e-01 1.122973737391137705e+00 2.128843498209799165e-02 1.888553531049521825e-02 1.971133714165880166e-02
8.862996515679442883e+08 2.984906362532642188e+00 8.410233182650093120e-01 1.124214276818584546e+00 2.138346928160177532e-02 1.869125418424289267e-02 1.850875962503944344e-02
8.873031358885017633e+08 3.000574258693085916e+00 8.005763778360669436e-01 1.139663025022553899e+00 1.960681838146484737e-02 1.856189835405082714e-02 1.946780463102499442e-02
8.883066202090592384e+08 2.996627542269990396e+00 7.823022006070705636e-01 1.199824851555905347e+00 1.819022365268672947e-02 1.880129498232983171e-02 2.103613538065579255e-02
8.893101045296167135e+08 3.038993830655124295e+00 8.182909516686384110e-01 1.124114879899702046e+00 2.087342498227555410e-02 2.007559835112890378e-02 1.920246602867949418e-02
8.903135888501741886e+08 2.965443254216734825e+00 7.817582327591586777e-01 1.193578621332838541e+00 1.949839005079530632e-02 2.039723876640114550e-02 1.870919929614809490e-02
8.913170731707316637e+08 2.980482594774710225e+00 8.444577829139168212e-01 1.197505544119652265e+00 2.051085240738867443e-02 1.986166845859457103e-02 2.040773786387095612e-02
8.923205574912891388e+08 3.002955706978444717e+00 8.237327593678076543e-01 1.200992101218685493e+00 1.875889886533031389e-02 2.101131555833941553e-02 2.040370729279455606e-02
8.933240418118467331e+08 2.960359150497125391e+00 8.357543634524851051e-01 1.178376606454772935e+00 1.968042940297868790e-02 2.040117260672578633e-02 2.017584040719021254e-02
8.943275261324042082e+08 3.034027858076489892e+00 8.183791855727216014e-01 1.158352126245369762e+00 1.978351398080015547e-02 2.130413888071718345e-02 1.921229073365239570e-02
8.953310104529616833e+08 2.983701806093313369e+00 8.495158832754623468e-01 1.206987432064298149e+00 1.967083167762524384e-02 2.029671720827593354e-02 1.982896635953482894e-02
8.963344947735191584e+08 3.002299051840543687e+00 8.060856087589953756e-01 1.210034469790027822e+00 2.020509560926036022e-02 1.978846004510606202e-02 2.041185937678000745e-02
8.973379790940766335e+08 3.016774976943890962e+00 8.242329249155671000e-01 1.212377087095825257e+00 1.893072668691858987e-02 1.959291695430225369e-02 1.949282666454017418e-02
8.983414634146341085e+08 2.966403691444934765e+00 8.354211145911505376e-01 1.152562624186266982e+00 2.261114538459614923e-02 1.986939583889935079e-02 2.080516227912830585e-02
8.993449477351915836e+08 2.979557049341834407e+00 8.332286794943460917e-01 1.196238751307263870e+00 1.920668108459329740e-02 1.931430878298718082e-02 2.024475880020970217e-02
9.003484320557491779e+08 3.024885253722927825e+00 8.347486631795368872e-01 1.187828941366051216e+00 2.021427772686550800e-02 1.962194458660765362e-02 1.997695906778790276e-02
9.013519163763066530e+08 3.018860948177103154e+00 8.512342909127756929e-01 1.200572397209408892e+00 2.001305151924475181e-02 2.138770783400234868e-02 1.999143194083362676e-02
9.023554006968641281e+08 2.986491800227158322e+00 8.173285038143703884e-01 1.166094182015072089e+00 1.985613251661494036e-02 2.030592053784585280e-02 2.009703588686641632e-02
9.033588850174216032e+08 3.034148799681045894e+00 8.423097573161472118e-01 1.219296491619278999e+00 2.135272350507966266e-02 2.112516943004186937e-02 1.969585969753267357e-02
9.043623693379790783e+08 3.002774586569188386e+00 8.242480396056489633e-01 1.162270620218596173e+00 1.990204132217029617e-02 2.011964816395496111e-02 2.066818529794346715e-02
9.053658536585365534e+08 2.990336948582501098e+00 7.970549128485865387e-01 1.123905453931101750e+00 2.026351410046102128e-02 1.846159897510124201e-02 1.934867485986228874e-02
9.063693379790940285e+08 3.031939494618311581e+00 8.308170897450840586e-01 1.128174521814090836e+00 1.727622993247133684e-02 2.107415290611597616e-02 1.971730013639199156e-02
9.073728222996516228e+08 3.003079634533470710e+00 8.149308220409162695e-01 1.130303234941061552e+00 1.951072857517995376e-02 1.899056152421750923e-02 2.129979279260490327e-02
9.083763066202090979e+08 3.057469142489187774e+00 8.246291905894352903e-01 1.126507931016058617e+00 1.972736509601054691e-02 2.047707346358472111e-02 1.947021073494883958e-02
9.093797909407665730e+08 3.019127160698924062e+00 7.890371046372470776e-01 1.104000791690062933e+00 2.110483294421101538e-02 2.068376353491476957e-02 1.987568386063755591e-02
9.103832752613240480e+08 2.986882076079871773e+00 8.186839477533534026e-01 1.082861864473193547e+00 2.109476267376251754e-02 1.905821189234338173e-02 1.962942672605352129e-02
9.113867595818815231e+08 3.024929713398349929e+00 7.898162803278754307e-01 1.058536098190663743e+00 2.047858085924258650e-02 2.091000084162744632e-02 1.873305560415538737e-02
9.123902439024389982e+08 2.979702776613164517e+00 7.956471936635391984e-01 1.055636504300227596e+00 1.967427544040635176e-02 1.927433733152214210e-02 1.936665745967782945e-02
9.133937282229964733e+08 2.981058336031816136e+00 8.154027659419346152e-01 1.006340106545947410e+00 1.973694234224068061e-02 2.172241325509083332e-02 1.957746029087363560e-02
9.143972125435540676e+08 2.993993264210862648e+00 7.589174749186304858e-01 9.836185941644348674e-01 1.996599554731837492e-02 2.004779552610139182e-02 1.968673884295754628e-02
9.154006968641115427e+08 2.991068474860942850e+00 7.362019587387135244e-01 1.005245128835103419e+00 1.888928059842364879e-02 1.962902720495307216e-02 2.026921014095531964e-02
9.164041811846690178e+08 3.034057551102364414e+00 7.584772243278717907e-01 9.291066241744689869e-01 1.950468481989425101e-02 2.114892852381304936e-02 2.143633175567766919e-02
9.174076655052264929e+08 3.014192177915624882e+00 7.433348944317812457e-01 9.190933984628143483e-01 1.995118525670697140e-02 2.049415307130881755e-02 1.933995338501155389e-02
9.184111498257839680e+08 2.966584283597449634e+00 6.991950464449646629e-01 9.157265568927149824e-01 2.137084870102036113e-02 2.055726027739756406e-02 2.030996724107457518e-02
9.194146341463414431e+08 2.993216674478769601e+00 7.043602523901937307e-01 9.125286705130555287e-01 1.946179075875291431e-02 2.098413554387671548e-02 1.992622321249981621e-02
9.204181184668989182e+08 3.033584778275232985e+00 6.634390563541101571e-01 8.622137575987554037e-01 2.026170336873769906e-02 1.918175806485652654e-02 1.986747039737250461e-02
9.214216027874563932e+08 2.971120083213883767e+00 6.874400483091853697e-01 8.703411609036049157e-01 1.934874835782982722e-02 2.045111987553331623e-02 2.055423379953344107e-02
9.224250871080138683e+08 3.009721178587316803e+00 6.053319167241180132e-01 7.972888785277545409e-01 1.988216109047564323e-02 1.980533299716195558e-02 1.857514163800038504e-02
9.234285714285714626e+08 3.017579039944738639e+00 6.173984975945498999e-01 8.191762735673920881e-01 1.965164179128140245e-02 2.047633042105895945e-02 2.012658892043789685e-02
9.244320557491289377e+08 3.018851988822132348e+00 6.137664669845046550e-01 7.475288826922815710e-01 2.093686312305683209e-02 2.023881987238560984e-02 2.069133813918877865e-02
9.254355400696864128e+08 3.006033031963721402e+00 6.115370569474504192e-01 7.451833473220982329e-01 2.073965453949555560e-02 1.868653782289481785e-02 2.006585832577701886e-02
9.264390243902438879e+08 2.979837277641029125e+00 5.295611048236926743e-01 6.854157945099178528e-01 2.050869370350632409e-02 2.017721509632594210e-02 2.192462898668380913e-02
9.274425087108013630e+08 3.007469508262026192e+00 5.890104910203685096e-01 6.892253556112961643e-01 1.941305568379189314e-02 2.006601264284337341e-02 1.902088348980778346e-02
9.284459930313588381e+08 3.022075927662559724e+00 5.378712004880286113e-01 6.869795087400770717e-01 1.821781633250193697e-02 1.823576485129883157e-02 2.110108750907279881e-02
9.294494773519163132e+08 2.965046507135680631e+00 4.726773109393885841e-01 6.421385767479240725e-01 1.964683281590214395e-02 2.067033989933482821e-02 1.973695009864514377e-02
9.304529616724739075e+08 3.008186434152877009e+00 4.684129930379413165e-01 6.269507639594242843e-01 1.956304113355605487e-02 1.834484453795048875e-02 1.975773255568361031e-02
9.314564459930313826e+08 3.004983849405993279e+00 4.538117565265995523e-01 5.770091476746227466e-01 1.982387818048972003e-02 2.105311338891125914e-02 2.043927638445830128e-02
9.324599303135888577e+08 3.005646918897104225e+00 4.056085328890361441e-01 5.467445610644843246e-01 2.118414249286497408e-02 1.896616268274389783e-02 1.959221148842801505e-02
9.334634146341463327e+08 2.992850025793398316e+00 3.896359618874075670e-01 4.839676984676174465e-01 2.014173027924935633e-02 2.110992578380982768e-02 1.858551012685489071e-02
9.344668989547038078e+08 2.998771936568756846e+00 3.514351925224712403e-01 5.389076912444598078e-01 1.983632941656296791e-02 2.017134784205490070e-02 1.946683204337048764e-02
9.354703832752612829e+08 3.006145430219694603e+00 3.735034225246831041e-01 4.787855960692241064e-01 1.879093111493012822e-02 2.069157625288728375e-02 1.885014753444213403e-02
9.364738675958187580e+08 2.996667861187802373e+00 2.957304708641378954e-01 4.389673633074774317e-01 2.269792689929406651e-02 2.137740818498775480e-02 2.236756414904625401e-02
9.374773519163763523e+08 3.033908311527758972e+00 2.648781634664436058e-01 4.164734500423675767e-01 2.115542431569064283e-02 2.027903581406242245e-02 2.009290874742135358e-02
9.384808362369338274e+08 2.999914070284864565e+00 2.358439141049917254e-01 4.141121223519042549e-01 2.064429961034117134e-02 1.983998021445593576e-02 2.113989331094661903e-02
9.394843205574913025e+08 2.996731108060145310e+00 2.171507333800533901e-01 4.028408711428493882e-01 1.986481395618504286e-02 2.007979011736024319e-02 2.036203664073018421e-02
9.404878048780487776e+08 3.012958642783589713e+00 1.492923194854081093e-01 3.478746432123446808e-01 1.896570601385165478e-02 2.064287378632494521e-02 1.977841753298629698e-02
9.414912891986062527e+08 2.960333794838821753e+00 1.091371163353710705e-01 3.224879486789845595e-01 2.109091057507099867e-02 2.017639231915346193e-02 2.204578125900660476e-02
9.424947735191637278e+08 3.007741066735401425e+00 6.797116453096641031e-02 3.374696531070722760e-01 2.015070577790215381e-02 1.794188908094658183e-02 2.029048081251823635e-02
9.434982578397212029e+08 2.992012222473797944e+00 6.624099246103461180e-02 2.898441084191190065e-01 2.224610692363054518e-02 1.967084833467363375e-02 1.932829750459229626e-02
9.445017421602787971e+08 2.993524291517829727e+00 5.010603155018895916e-05 2.851097668490444326e-01 2.028108050665811124e-02 2.264415003591564376e-02 1.904969141899792370e-02
9.455052264808362722e+08 2.987957929516721123e+00 -2.030120640029688811e-02 2.781342820611513167e-01 2.177877311814560915e-02 2.042036073570564769e-02 2.158328154425168122e-02
9.465087108013937473e+08 3.001469489299120941e+00 -8.603074979481005469e-02 1.870796283888662703e-01 2.083587389913930596e-02 1.892686327617001604e-02 1.937421809386499771e-02
9.475121951219512224e+08 2.995730634546895477e+00 -1.163697452779519359e-01 1.615152778868031991e-01 2.076377453917612956e-02 1.785041724124356022e-02 1.930532687538753789e-02
9.485156794425086975e+08 2.992651722895841804e+00 -1.392518410187721933e-01 1.840712310616112735e-01 2.272586334148810061e-02 2.134617485497473932e-02 1.946540147496967493e-02
9.495191637630661726e+08 3.014261532555613687e+00 -1.790351566460074983e-01 1.385386811791618766e-01 1.728676694853374315e-02 1.921086158204288186e-02 1.989868461062257315e-02
9.505226480836236477e+08 3.006218987270685705e+00 -2.129955484557257972e-01 1.322465001656049077e-01 2.036525118693875008e-02 1.884898681031470929e-02 2.113789676142110649e-02
9.515261324041812420e+08 2.984009895089095199e+00 -2.444463569237901035e-01 1.528739445857033585e-01 1.965576928181293065e-02 1.868624866195673154e-02 1.960149902807325692e-02
9.525296167247387171e+08 3.004288262770436368e+00 -2.909879417000833524e-01 1.247551493858679722e-01 1.949766112746809457e-02 1.721175742800364408e-02 2.089121208408508193e-02
9.535331010452961922e+08 2.994682027938147417e+00 -3.587995720559257196e-01 8.531196133630242207e-02 2.010849333174177800e-02 1.878057709752611881e-02 1.902333766353237268e-02
9.545365853658536673e+08 2.999338266730436686e+00 -3.988611082658613527e-01 1.131626645732876357e-01 1.853909539249761970e-02 1.863705641303925811e-02 2.130897452522912197e-02
9.555400696864111423e+08 2.994796925298772283e+00 -4.591318471477976448e-01 5.449443397895535612e-02 1.857934936927770064e-02 1.915571055403413742e-02 2.006117019566941093e-02
9.565435540069686174e+08 2.973913637609416405e+00 -5.054537377138877963e-01 5.858280020917085162e-02 1.902975960584727885e-02 1.873336183082044415e-02 1.967433824199871575e-02
9.575470383275260925e+08 3.004569652268175517e+00 -5.109883890060014089e-01 5.933836220235935710e-02 1.975183605130637413e-02 2.176849594779209016e-02 2.095736675083637382e-02
9.585505226480836868e+08 3.009274480426529674e+00 -5.704109126466199164e-01 5.913527797759950133e-02 1.910755155477182610e-02 2.225621323736927740e-02 2.105354384301373616e-02
9.595540069686410427e+08 2.996504227480397020e+00 -6.361243356805383886e-01 -4.021304299082460038e-03 2.143309323798674171e-02 2.112483008919342417e-02 2.225878096325110272e-02
9.605574912891986370e+08 2.981922683552150843e+00 -7.064400713279889166e-01 2.613401589585763116e-02 2.025878393093247937e-02 1.898002717432677178e-02 1.890743060625387634e-02
9.615609756097561121e+08 3.018545191432883357e+00 -7.092043730533794665e-01 1.233620379416493565e-02 2.081000696205648204e-02 2.104684904739869897e-02 1.968683695156211305e-02
9.625644599303135872e+08 2.990658448955870075e+00 -7.429231222739998142e-01 -7.147825465193402908e-03 2.070503102063833700e-02 2.176528403323988586e-02 1.894469852473767285e-02
9.635679442508710623e+08 3.019445114181173562e+00 -8.333013810270062383e-01 -3.041554970717508938e-02 2.147020990842444382e-02 2.004607886111468146e-02 1.950210426693746099e-02
9.645714285714285374e+08 2.954282496846852180e+00 -8.337319277810651963e-01 -4.641607302377666333e-02 1.883773104396977566e-02 2.088615687211468896e-02 2.016447403477846304e-02
9.655749128919861317e+08 2.993209466163126553e+00 -9.238941794282874431e-01 -6.263089279060728154e-02 1.801668868786126046e-02 2.144198699537890052e-02 1.846877654725037274e-02
9.665783972125434875e+08 2.994714341572676020e+00 -9.221509883846391586e-01 -2.200973133500647161e-02 2.169595588033912045e-02 1.965146640154730520e-02 2.006318366059636760e-02
9.675818815331010818e+08 3.003961897307373619e+00 -1.000396627266322724e+00 -6.774979916746209918e-02 2.014598504532381235e-02 2.127340573185907552e-02 1.907033199690895756e-02
9.685853658536585569e+08 3.003180453824855878e+00 -1.024395777434101484e+00 -4.263497807869812140e-02 1.956650727931954006e-02 2.144648933604647451e-02 2.064778832912991455e-02
9.695888501742160320e+08 2.979225560331725031e+00 -1.084274144434540066e+00 -6.993221361319468254e-03 1.957830596532345729e-02 2.002637377918598666e-02 1.972016141534104275e-02
9.705923344947735071e+08 3.007206047066953492e+00 -1.126457193672285140e+00 -5.039643758806089391e-02 2.215569807361900470e-02 2.164756809598434098e-02 2.049631218582276954e-02
9.715958188153309822e+08 3.016816603042446143e+00 -1.210865093228312706e+00 -2.113796645400093169e-02 1.825225493353734019e-02 1.935492399586432113e-02 2.022158165252372491e-02
9.725993031358884573e+08 3.047587032151805264e+00 -1.201853583313796436e+00 -4.731567604756672929e-02 1.945727688031676644e-02 2.031900792104343600e-02 2.105613359459142589e-02
9.736027874564459324e+08 3.014693644541561302e+00 -1.254602308694544144e+00 -3.082766161957862378e-02 2.204626776303314842e-02 2.013641120752930266e-02 1.959461983751583161e-02
9.746062717770035267e+08 3.001481706795350757e+00 -1.291596484726599048e+00 -8.352728538253251234e-02 1.976481892949537994e-02 2.009854622771928973e-02 1.935038299465520473e-02
9.756097560975610018e+08 3.008020897089045409e+00 -1.325170607047211124e+00 -3.947790347048837911e-02 2.122196339771434404e-02 1.860650392751067930e-02 2.044672320119569550e-02
9.766132404181184769e+08 3.007460634395642707e+00 -1.448390926291460490e+00 -4.252452743942505831e-02 1.830768893397362665e-02 1.998535641592170259e-02 1.848751671879280203e-02
9.776167247386759520e+08 3.036394896863493287e+00 -1.445050947684304532e+00 -5.022045596327963379e-02 1.952306215620904992e-02 2.186472810494042782e-02 1.964580655658020036e-02
9.786202090592334270e+08 3.002399375130122117e+00 -1.495285597687146861e+00 -1.745827590849995115e-02 2.016590363249160314e-02 1.976728560213952823e-02 1.986911943832694177e-02
9.796236933797909021e+08 3.007020136036432145e+00 -1.528439319069823776e+00 -8.446851334480771217e-03 1.999260003577017081e-02 1.916316880386163130e-02 2.212880723898436042e-02
9.806271777003483772e+08 3.028280952211113597e+00 -1.573976227895998337e+00 1.082099055088694625e-02 2.024128651809276036e-02 1.887516338896319187e-02 2.002141560119885533e-02
9.816306620209059715e+08 2.988906942948799106e+00 -1.608204321544755677e+00 6.575851109053284377e-03 1.912587656386155119e-02 2.065917370414560930e-02 2.097033735142276450e-02
9.826341463414634466e+08 3.014991051637360364e+00 -1.671688669249416170e+00 5.850993265607590949e-02 1.976766182097042593e-02 1.880690917370370432e-02 1.904534472050353408e-02
9.836376306620209217e+08 2.995678602931860723e+00 -1.647142456173690261e+00 5.742129985198946018e-02 2.132549872223791013e-02 1.983418649578697415e-02 1.869087817160996687e-02
9.846411149825783968e+08 3.000596394594158500e+00 -1.706678008279622683e+00 1.705247333403716453e-02 2.066953032153771505e-02 1.943501014105280741e-02 2.008806565677499073e-02
9.856445993031358719e+08 2.971027905240451794e+00 -1.753588643704929950e+00 3.204937071743213517e-02 1.926523827610304718e-02 2.078893311525861071e-02 1.966767653823373041e-02
9.866480836236933470e+08 2.993525277731615475e+00 -1.804656930534304093e+00 3.126772024569003661e-02 2.082464740269454606e-02 1.953883519039946795e-02 1.815766490767429381e-02
9.876515679442508221e+08 3.021819519133120746e+00 -1.846114999114019994e+00 4.829882925031765695e-02 2.162121645614908244e-02 1.868581137991072796e-02 1.850293831594757368e-02
9.886550522648084164e+08 2.997901475339255661e+00 -1.845671419151849069e+00 7.292707759301612913e-02 1.934044143070454136e-02 2.127720753237393944e-02 2.054125868258499174e-02
9.896585365853658915e+08 3.028857665740626981e+00 -1.888124498127923045e+00 7.852341640472516870e-02 1.943458861792728143e-02 2.193245114483418148e-02 1.782349388496219655e-02
9.906620209059233665e+08 2.990287640225461896e+00 -1.895752117337340170e+00 8.180686212865534435e-02 2.008710415028296808e-02 1.874891299579098045e-02 2.069711671045494986e-02
9.916655052264808416e+08 3.014222164298036688e+00 -1.955209709551612995e+00 9.119059288030066657e-02 2.023511292629698657e-02 1.890882341327164429e-02 1.805981199244031596e-02
9.926689895470383167e+08 2.994460985188072577e+00 -2.002504989538688829e+00 1.479204853281017584e-01 1.925292536634866034e-02 2.044473692886643670e-02 1.904761803008783380e-02
9.936724738675957918e+08 3.004888996933279710e+00 -2.019986683615058176e+00 1.623089780451864583e-01 1.986159829069707519e-02 2.036354294190092021e-02 2.007738743209327645e-02
9.946759581881532669e+08 2.987958439915801456e+00 -2.074074499663093540e+00 1.250441594744908513e-01 1.969313992594763987e-02 2.017799953904707289e-02 2.091037622844846289e-02
9.956794425087108612e+08 2.978118512645799854e+00 -2.065736678252083625e+00 1.944083175787188478e-01 1.757140837019841029e-02 2.069434798128474279e-02 2.018333553752734225e-02
9.966829268292682171e+08 2.999847386486024003e+00 -2.044044703252630324e+00 2.070809672192369111e-01 2.159729498506508458e-02 2.058246087494083887e-02 1.943526633998916148e-02
9.976864111498258114e+08 3.020993722592907105e+00 -2.135358442885906705e+00 2.235058781537956341e-01 1.931763839915823233e-02 1.954504258860195742e-02 1.895665339184738132e-02
9.986898954703832865e+08 2.982105155912314398e+00 -2.148409198625388594e+00 2.234802381545566985e-01 2.105418902003550891e-02 2.120546849574627205e-02 1.959901539489933286e-02
9.996933797909407616e+08 2.975638052559558488e+00 -2.179779370096794455e+00 2.502541524944369433e-01 1.803228108765814533e-02 1.983886759339796926e-02 1.902700298041611407e-02
1.000696864111498237e+09 3.020192808368423965e+00 -2.203116862817427357e+00 3.014418377392955040e-01 2.006164785143760287e-02 2.114440259192394353e-02 2.064654885487094207e-02
1.001700348432055712e+09 3.003722639967829178e+00 -2.214230736016754797e+00 3.222898771671413032e-01 2.164137492073972546e-02 2.036385782981428236e-02 2.211193435200031754e-02
1.002703832752613306e+09 2.987634621686864111e+00 -2.276332799990980149e+00 3.215886277610384703e-01 2.042039025069489894e-02 1.828248613555902638e-02 2.121706601640455450e-02
1.003707317073170662e+09 2.977019461272211398e+00 -2.313327013178187119e+00 3.413144475950377066e-01 2.070157263111287865e-02 1.975760485124140181e-02 1.885006134692266550e-02
1.004710801393728256e+09 2.966992546972420985e+00 -2.345391178654871567e+00 3.742778444944916405e-01 2.031931647617166159e-02 2.122805549931622640e-02 1.912217477040770164e-02
1.005714285714285731e+09 3.044590202002969370e+00 -2.333170460731137652e+00 4.048566223152739729e-01 2.055795716736323955e-02 1.901848528796443866e-02 2.126717434901731832e-02
1.006717770034843206e+09 2.983820969017969560e+00 -2.337774368367152356e+00 4.256117714883789760e-01 1.918240948801257922e-02 2.010453078786610809e-02 1.969402048159422935e-02
1.007721254355400681e+09 2.987615301262550371e+00 -2.376473102257425474e+00 4.176729509530794360e-01 2.107556990511124176e-02 2.112241498628327635e-02 2.156281318964466814e-02
1.008724738675958157e+09 3.021768012586695917e+00 -2.359365603767568320e+00 4.853860319713250715e-01 2.193299437667906374e-02 2.108562397049421402e-02 1.861676801948505822e-02
1.009728222996515632e+09 3.030263469854092673e+00 -2.383957812211485283e+00 4.825286575607167783e-01 2.024883491926482773e-02 1.885864100565035756e-02 2.048054561109534377e-02
1.010731707317073107e+09 2.984084331000735890e+00 -2.410256425951392334e+00 4.959974221232402170e-01 2.199327711280802886e-02 1.877720375707702186e-02 1.980117998714656796e-02
1.011735191637630701e+09 3.019506388652620554e+00 -2.412770425742410296e+00 5.164411762112097737e-01 1.907443871135218114e-02 2.049895518571525146e-02 1.993227603926923594e-02
1.012738675958188176e+09 2.971263983429577760e+00 -2.445107155531314636e+00 5.630146454798835576e-01 2.059528316700384720e-02 2.137756459005229689e-02 1.984812979690368101e-02
1.013742160278745651e+09 2.995255522042501894e+00 -2.469755437531137687e+00 5.600932100070592501e-01 2.252274059076211574e-02 2.124085298508718994e-02 1.849696618441242640e-02
1.014745644599303126e+09 2.997416027230480395e+00 -2.463432197805690116e+00 6.067299439982815068e-01 1.996968053371721979e-02 2.086820918384949333e-02 2.127972386191511606e-02
1.015749128919860601e+09 2.975885502408988081e+00 -2.453028601167333456e+00 6.487170991010712262e-01 2.025389018011860068e-02 1.981871089645471928e-02 1.825692363302431828e-02
1.016752613240418077e+09 2.969083910106908863e+00 -2.459702367319894556e+00 6.284190898519433910e-01 1.920774127163697720e-02 1.888929325946641161e-02 1.871617338138754569e-02
1.017756097560975552e+09 2.962954311629492743e+00 -2.475009073334396348e+00 6.343806064892282270e-01 1.896927918823360787e-02 1.876477291736920391e-02 2.053140346869855234e-02
1.018759581881533146e+09 3.001450264475217011e+00 -2.492820536791457542e+00 6.471522152928345095e-01 2.049770099620783215e-02 1.803749751778229923e-02 1.963065254855564032e-02
1.019763066202090621e+09 3.031952440420581762e+00 -2.490324877497123168e+00 7.484172444121905965e-01 1.949415802041723489e-02 2.174434781886806778e-02 1.990731574379921501e-02
1.020766550522648096e+09 3.044625066609728758e+00 -2.439073609936572407e+00 7.400102207148219202e-01 1.985375264340637907e-02 2.005128003212671220e-02 2.263276101249714692e-02
1.021770034843205571e+09 2.987283061791510708e+00 -2.506711518632090741e+00 7.437900240498771520e-01 2.000694705326648559e-02 2.000764842237868005e-02 2.029882256378038111e-02
1.022773519163763046e+09 3.007870782848728108e+00 -2.500101190850321675e+00 7.677271905102370786e-01 1.925939030463646312e-02 1.952821538354198791e-02 1.923445941202232834e-02
1.023777003484320521e+09 2.962545516468256590e+00 -2.487598908669815589e+00 8.096363532859138790e-01 1.915249598761801370e-02 1.942047589740869551e-02 2.006164374789268581e-02
1.024780487804877996e+09 2.986954692167160363e+00 -2.487588775213954051e+00 8.075326040509637204e-01 1.989260959624337272e-02 1.994221532481106618e-02 1.962094159436792926e-02
1.025783972125435591e+09 3.024575851339784460e+00 -2.511446589354655146e+00 8.386964739625965004e-01 2.152020963582260485e-02 2.053174642187898316e-02 2.038604339954521935e-02
1.026787456445993066e+09 3.007062706443340616e+00 -2.486101552781377677e+00 8.441001875982281355e-01 1.682167630161789801e-02 2.101335852846408780e-02 1.994705384539450371e-02
1.027790940766550541e+09 2.989382829042540823e+00 -2.506487147019694550e+00 8.927245997250233822e-01 2.005764367692117883e-02 1.967990262288378187e-02 2.052971775684875669e-02
1.028794425087108016e+09 3.027671582090380564e+00 -2.471309779690821440e+00 9.303151805283650377e-01 1.978509084969005613e-02 2.036471789239104047e-02 1.957332747028293907e-02
1.029797909407665491e+09 2.971867044510589917e+00 -2.481311216854429791e+00 9.412606876987813509e-01 2.025798040083207768e-02 2.083726716564418199e-02 1.958158969258194659e-02
1.030801393728222966e+09 2.983489294458587793e+00 -2.463329078233178482e+00 9.552694301071182892e-01 2.055306769397949318e-02 1.962767529064242747e-02 1.970772545854683824e-02
1.031804878048780441e+09 2.998168131236973011e+00 -2.472347155615006287e+00 9.808515884639668059e-01 2.103104148059870351e-02 2.070972624949334040e-02 1.948535840457716120e-02
1.032808362369338036e+09 2.944405008093390119e+00 -2.464453655275567812e+00 9.613760882263502339e-01 2.081680714196297230e-02 2.206918092999525516e-02 1.906321820765104896e-02
1.033811846689895511e+09 2.977439239924571268e+00 -2.471820349703205633e+00 1.012457974918507420e+00 1.986281513174727523e-02 2.040975430858238751e-02 2.070097419423854584e-02
1.034815331010452986e+09 2.963512357867322589e+00 -2.423594145007379907e+00 9.903154123895904215e-01 1.943810946511764087e-02 1.902599648333435506e-02 2.113482218639753732e-02
1.035818815331010461e+09 3.009687250400572278e+00 -2.421705361389297373e+00 1.052986867751908528e+00 2.033497275141666130e-02 2.092727491527654124e-02 1.979450443232776136e-02
1.036822299651567936e+09 2.991149189736070024e+00 -2.399591905108886980e+00 1.077434306982608225e+00 2.073904936737312396e-02 2.051973342529755245e-02 2.063462144118093783e-02
1.037825783972125411e+09 2.993954204730501001e+00 -2.402752841308608112e+00 1.114807055258420609e+00 2.043823869854564934e-02 2.187310254183831917e-02 2.083529024380385841e-02
1.038829268292682886e+09 3.021432295548229341e+00 -2.397845074965302636e+00 1.099359284869857456e+00 1.906736381054960003e-02 2.072091875427781171e-02 2.108546874696773377e-02
1.039832752613240480e+09 2.972327458223145147e+00 -2.409849712086352458e+00 1.160992123536461307e+00 2.069687759355049589e-02 2.021533599495627803e-02 1.956702416749542955e-02
1.040836236933797836e+09 2.958130490408694246e+00 -2.383058610286421519e+00 1.175133886784015758e+00 1.975183306329583721e-02 2.042470874155126459e-02 2.037935122733841239e-02
1.041839721254355431e+09 3.012940323870884729e+00 -2.353111614231128357e+00 1.160100413852270140e+00 2.200184048151071839e-02 1.933316313729185887e-02 1.917426275068560143e-02
1.042843205574912906e+09 2.989162856378587030e+00 -2.362445469381559970e+00 1.148967781300726854e+00 2.137930626680210888e-02 1.996652331149037160e-02 1.980742625113731878e-02
1.043846689895470381e+09 2.985043592365740128e+00 -2.318492394765979459e+00 1.220092548823199508e+00 1.874346534249080737e-02 2.042901569934264458e-02 1.942159429048677735e-02
1.044850174216027856e+09 3.003213980423862228e+00 -2.319101946968081140e+00 1.220576046460460029e+00 2.074422978032137294e-02 2.031185895969645980e-02 1.866471608232951260e-02
1.045853658536585331e+09 3.028271191955515196e+00 -2.293360662601691136e+00 1.184103291262923463e+00 2.111228620072199899e-02 1.936631583976312562e-02 1.926356777370724985e-02
1.046857142857142925e+09 3.004332210101414269e+00 -2.274874321912123687e+00 1.252881267112026631e+00 2.125619906281569355e-02 2.005950708200681179e-02 1.987898909669691058e-02
1.047860627177700281e+09 2.994274712270126315e+00 -2.245229855892249216e+00 1.265546177731616817e+00 2.167345597844570412e-02 1.959059125854466579e-02 1.904091594731556480e-02
1.048864111498257875e+09 2.999149693732024335e+00 -2.269068210747368752e+00 1.270953508211629224e+00 2.056334798594271207e-02 1.900591806138130294e-02 2.036714316727940635e-02
1.049867595818815351e+09 2.971986917610434098e+00 -2.230046640967460636e+00 1.298535263413126417e+00 1.794385118099599968e-02 1.739124170064279204e-02 1.987854373709668429e-02
1.050871080139372826e+09 2.971800662750111677e+00 -2.163444387523222545e+00 1.303249859675772893e+00 2.018084675564545821e-02 1.846918907696599305e-02 2.051522075658508346e-02
1.051874564459930301e+09 3.011594021797411980e+00 -2.213513207779902903e+00 1.319358305987713864e+00 2.074090633351836216e-02 1.850550326873242127e-02 2.167944695623951618e-02
1.052878048780487776e+09 3.000679032509898647e+00 -2.158895643421015365e+00 1.292707474970673731e+00 2.199162771994670612e-02 1.985317991039745392e-02 2.043193921693630885e-02
1.053881533101045251e+09 3.004115200634640104e+00 -2.119678321935811738e+00 1.326079688987768401e+00 1.852615693969013322e-02 2.069650117765928915e-02 1.861939041747393692e-02
1.054885017421602726e+09 2.995980292679011114e+00 -2.148349787652966469e+00 1.360042847777809483e+00 2.033428823959819789e-02 1.958373610780291332e-02 2.032654250416926142e-02
1.055888501742160320e+09 2.989480840345184465e+00 -2.059721851041351304e+00 1.378179603663818975e+00 1.996954890155031026e-02 1.969329229965537803e-02 1.937544608406667826e-02
1.056891986062717795e+09 3.019473437081385381e+00 -2.064074182243817113e+00 1.349723335243550260e+00 2.014166101201901593e-02 2.004226306254762446e-02 2.054720865938844745e-02
1.057895470383275270e+09 3.024100154822592756e+00 -2.044985331018090768e+00 1.396865238037157786e+00 2.006093085787452948e-02 1.980527707316653840e-02 1.975359023378110007e-02
1.058898954703832746e+09 2.965613912843911404e+00 -1.982390268790338306e+00 1.353450549667879477e+00 1.908850158057186566e-02 1.770518846724794884e-02 2.155413804720502507e-02
1.059902439024390221e+09 2.977900166083741418e+00 -2.007766304844374350e+00 1.368594547072047307e+00 2.087099893598223788e-02 2.038102173863998515e-02 1.842695611273576992e-02
1.060905923344947696e+09 2.983346448268975326e+00 -1.969970875005326638e+00 1.392996604683779394e+00 2.026943103789277320e-02 2.048634943476406248e-02 1.935205624436844157e-02
1.061909407665505171e+09 2.983958164854924267e+00 -1.927139385005061545e+00 1.405001759475034140e+00 1.935918482808047722e-02 1.985724439253478898e-02 1.937010561102726555e-02
1.062912891986062765e+09 3.006612848792408865e+00 -1.841796836869151077e+00 1.414418413136668606e+00 1.813449855497622359e-02 2.195413706676674348e-02 2.184284897279489823e-02
1.063916376306620240e+09 2.994254931186426383e+00 -1.856687811374186703e+00 1.387754142458442308e+00 2.027652951401125864e-02 2.159363765852891776e-02 2.016304609508180398e-02
1.064919860627177715e+09 3.002876408974086697e+00 -1.839800011471763197e+00 1.378728914600111821e+00 2.023722842973454603e-02 1.974187230251164479e-02 2.084743615923443510e-02
1.065923344947735190e+09 2.989972262761134036e+00 -1.827752709271460718e+00 1.432993994513076297e+00 2.018528178660430883e-02 2.050838943764893632e-02 1.975447529380848846e-02
1.066926829268292665e+09 3.018034397716104156e+00 -1.778243962984471294e+00 1.421241453567785529e+00 1.751559650517505937e-02 2.071433352209595471e-02 1.728966201746340650e-02
1.067930313588850141e+09 3.010296837910770851e+00 -1.781275247461850508e+00 1.413798027085030329e+00 1.994387911424503126e-02 1.916739210945556798e-02 2.109885120289786350e-02
1.068933797909407616e+09 2.981306245228182661e+00 -1.718692813429164579e+00 1.404801250398210577e+00 1.981031157503191850e-02 2.052752939860435707e-02 2.174390179790722591e-02
1.069937282229965210e+09 3.005953024840696930e+00 -1.736965670238800552e+00 1.388788801204736023e+00 1.907841338674268888e-02 1.794937239752245756e-02 1.934427751079316471e-02
1.070940766550522566e+09 2.994287212846134416e+00 -1.667160835817401709e+00 1.413270424399580838e+00 2.003588845517825789e-02 1.937672734242978576e-02 1.986417165691146958e-02
1.071944250871080160e+09 2.986263491221236688e+00 -1.612554837167885502e+00 1.380017178752016349e+00 1.986323296762841986e-02 1.949521685134615254e-02 2.096974409968241013e-02
1.072947735191637635e+09 2.996776506446716226e+00 -1.586755775959260983e+00 1.438780761482617798e+00 2.026927605782257585e-02 1.928134095041511564e-02 1.833591479520483430e-02
1.073951219512195110e+09 2.969359170534924708e+00 -1.588280794097664206e+00 1.390344546737976028e+00 1.906561238678493655e-02 2.073308963772597241e-02 1.802424820998251367e-02
1.074954703832752705e+09 3.024916137422748452e+00 -1.565732190746183639e+00 1.406043291377942595e+00 1.986798906128043468e-02 1.942852849655554021e-02 1.949108298625995897e-02
1.075958188153310061e+09 3.003482103865948272e+00 -1.532385283691174438e+00 1.351716204891089346e+00 2.008763070742624474e-02 1.918558147636461111e-02 1.873490168006020432e-02
1.076961672473867655e+09 3.013524626514860305e+00 -1.473626559533167901e+00 1.394671659479039150e+00 1.919160433767888238e-02 1.882643665423605964e-02 1.918687795129379869e-02
1.077965156794425011e+09 2.973331520976588038e+00 -1.459039324378612168e+00 1.399787337357208727e+00 2.137811300588621233e-02 1.954834281232769796e-02 1.885084959706448751e-02
1.078968641114982605e+09 2.977974125764806690e+00 -1.426196855266453234e+00 1.389669468020969800e+00 1.921512827308701626e-02 2.024625822479944603e-02 2.148521702325555810e-02
1.079972125435540199e+09 2.967873516442456783e+00 -1.381724311195568600e+00 1.378505847323868716e+00 1.881526107286327076e-02 2.059976352270826913e-02 1.939244082549971757e-02
1.080975609756097555e+09 2.992317646912600271e+00 -1.363425140447986017e+00 1.389136170572638163e+00 2.012921058215857983e-02 2.067662801812038958e-02 2.131947180597108804e-02
1.081979094076654911e+09 2.992189389890862028e+00 -1.317159731784651511e+00 1.355836220838827710e+00 2.035226732347421991e-02 1.910466175697715652e-02 2.028947772436467262e-02
1.082982578397212505e+09 3.029369028105323824e+00 -1.293436790522337398e+00 1.381250735064276203e+00 1.964250407757475725e-02 1.931674244856188688e-02 2.058403560254726955e-02
1.083986062717770100e+09 3.003688835631829424e+00 -1.282560386542998421e+00 1.311231141853874682e+00 2.057876291706443872e-02 2.142026905786209579e-02 2.123249443807559075e-02
1.084989547038327456e+09 3.001143561672502624e+00 -1.278529364759679154e+00 1.338582440983358657e+00 1.974089031612615355e-02 2.124953271054647388e-02 2.049186723620811598e-02
1.085993031358885050e+09 3.005308666839811682e+00 -1.216477802759841520e+00 1.290468894066716166e+00 2.133019178299310620e-02 1.961877390321562636e-02 2.052247187131952741e-02
1.086996515679442406e+09 3.020247974623577747e+00 -1.183018184859903288e+00 1.315292441624319464e+00 1.987539650002910496e-02 2.155026872189497525e-02 2.105937645839385183e-02
1.088000000000000000e+09 3.003817431531491611e+00 -1.124754382394313135e+00 1.306341822340496339e+00 1.916613654989705179e-02 2.000541036973013317e-02 2.071468634323947108e-02
